3153.0,0.0;
3158.518869,55.1321519354;
0.0,0.0;
3145.68303448,164.858262165;
3136.34137402,219.314353452;
0.0,0.0;
3165.56319296,332.714098581;
0.0,0.0;
3153.01353087,443.127153457;
3182.3318334,504.03184636;
0.0,0.0;
3191.26997339,620.320043969;
0.0,0.0;
0.0,0.0;
3203.91648816,798.82609927;
0.0,0.0;
0.0,0.0;
0.0,0.0;
0.0,0.0;
0.0,0.0;
0.0,0.0;
0.0,0.0;
0.0,0.0;
0.0,0.0;
0.0,0.0;
0.0,0.0;
0.0,0.0;
0.0,0.0;
0.0,0.0;
0.0,0.0;
0.0,0.0;
0.0,0.0;
0.0,0.0;
0.0,0.0;
0.0,0.0;
0.0,0.0;
0.0,0.0;
0.0,0.0;
0.0,0.0;
0.0,0.0;
0.0,0.0;
0.0,0.0;
0.0,0.0;
0.0,0.0;
0.0,0.0;
1339.96735035,1339.96735035;
1293.45388579,1339.41070823;
0.0,0.0;
0.0,0.0;
0.0,0.0;
0.0,0.0;
0.0,0.0;
0.0,0.0;
0.0,0.0;
0.0,0.0;
978.521400415,1397.47338756;
950.068742997,1408.53483577;
913.904300755,1407.28921301;
0.0,0.0;
0.0,0.0;
0.0,0.0;
0.0,0.0;
758.666045462,1426.84331006;
729.108742582,1430.95647785;
698.325236835,1431.77891575;
670.272563121,1437.40415024;
641.423686131,1440.6611867;
611.884947214,1441.51060051;
584.760892322,1447.33399698;
555.470321795,1447.04966107;
528.421121438,1451.82509911;
501.374957864,1456.09860642;
474.959120354,1461.77386555;
446.743964816,1461.23366711;
419.795692909,1464.00156291;
393.922586646,1470.13910761;
366.995515625,1471.93861676;
339.226189951,1469.3500577;
311.659624536,1466.2432535;
0.0,0.0;
0.0,0.0;
0.0,0.0;
0.0,0.0;
0.0,0.0;
0.0,0.0;
0.0,0.0;
0.0,0.0;
0.0,0.0;
137.643614995,3941.59742176;
67.7153369767,3879.40905721;
2.42357601551e-13,3958.0;
-69.1289818981,3960.39672051;
-138.655700399,3970.57975575;
-209.134481147,3990.52362088;
-277.491252554,3968.30979193;
-349.320216933,3992.74834995;
-422.608576991,4020.85202297;
-493.083363417,4015.84172954;
-563.92940509,4012.56621454;
-637.157576109,4022.85461124;
-713.173065678,4044.60544162;
-783.080117025,4028.59796087;
-860.962311676,4050.50921464;
0.0,0.0;
-1012.44313308,4060.68761447;
0.0,0.0;
0.0,0.0;
0.0,0.0;
0.0,0.0;
0.0,0.0;
0.0,0.0;
0.0,0.0;
0.0,0.0;
0.0,0.0;
0.0,0.0;
0.0,0.0;
0.0,0.0;
0.0,0.0;
0.0,0.0;
0.0,0.0;
0.0,0.0;
0.0,0.0;
0.0,0.0;
0.0,0.0;
0.0,0.0;
0.0,0.0;
0.0,0.0;
-1692.3038451,2245.76305425;
-1706.6136096,2184.365809;
0.0,0.0;
0.0,0.0;
0.0,0.0;
0.0,0.0;
0.0,0.0;
0.0,0.0;
0.0,0.0;
0.0,0.0;
0.0,0.0;
-1375.56107196,1238.56075237;
0.0,0.0;
0.0,0.0;
0.0,0.0;
0.0,0.0;
0.0,0.0;
0.0,0.0;
0.0,0.0;
0.0,0.0;
0.0,0.0;
0.0,0.0;
0.0,0.0;
0.0,0.0;
0.0,0.0;
0.0,0.0;
-951.594967833,484.861853722;
0.0,0.0;
-962.498869833,448.820593969;
-978.407185135,435.614944734;
0.0,0.0;
0.0,0.0;
0.0,0.0;
0.0,0.0;
0.0,0.0;
0.0,0.0;
0.0,0.0;
0.0,0.0;
0.0,0.0;
0.0,0.0;
0.0,0.0;
0.0,0.0;
0.0,0.0;
0.0,0.0;
0.0,0.0;
0.0,0.0;
-1067.97965917,131.131413504;
-1091.98504111,114.772252668;
0.0,0.0;
0.0,0.0;
-2594.43953129,135.968814319;
-2591.42041446,90.4943949496;
-2590.60537815,45.219185079;
-2596.0,3.17918309059e-13;
0.0,0.0;
-2566.43564379,-89.621907532;
0.0,0.0;
0.0,0.0;
0.0,0.0;
-2590.72953743,-272.296646812;
0.0,0.0;
0.0,0.0;
-1510.17547277,-239.188297047;
0.0,0.0;
-1511.70586251,-293.84585288;
0.0,0.0;
-1516.11982081,-350.023840559;
-1520.45340307,-379.091610405;
-1522.29910223,-407.898815082;
0.0,0.0;
0.0,0.0;
0.0,0.0;
0.0,0.0;
0.0,0.0;
0.0,0.0;
0.0,0.0;
0.0,0.0;
0.0,0.0;
0.0,0.0;
-1549.52093582,-755.751857064;
0.0,0.0;
-1547.80713028,-822.983649564;
-1558.57231812,-863.930743279;
-1826.44757658,-1054.5;
-1839.48102731,-1105.27170876;
0.0,0.0;
-1564.95927979,-1016.29643934;
-1561.07774912,-1052.96023724;
0.0,0.0;
-2303.27138299,-1673.42461328;
0.0,0.0;
0.0,0.0;
0.0,0.0;
0.0,0.0;
0.0,0.0;
0.0,0.0;
0.0,0.0;
0.0,0.0;
0.0,0.0;
0.0,0.0;
0.0,0.0;
0.0,0.0;
0.0,0.0;
0.0,0.0;
0.0,0.0;
0.0,0.0;
0.0,0.0;
0.0,0.0;
0.0,0.0;
0.0,0.0;
0.0,0.0;
0.0,0.0;
0.0,0.0;
0.0,0.0;
0.0,0.0;
0.0,0.0;
0.0,0.0;
0.0,0.0;
0.0,0.0;
0.0,0.0;
0.0,0.0;
0.0,0.0;
0.0,0.0;
0.0,0.0;
0.0,0.0;
0.0,0.0;
0.0,0.0;
0.0,0.0;
0.0,0.0;
0.0,0.0;
0.0,0.0;
0.0,0.0;
0.0,0.0;
0.0,0.0;
0.0,0.0;
0.0,0.0;
0.0,0.0;
0.0,0.0;
0.0,0.0;
0.0,0.0;
0.0,0.0;
0.0,0.0;
0.0,0.0;
-3.98438836103e-13,-2169.0;
0.0,0.0;
0.0,0.0;
0.0,0.0;
0.0,0.0;
0.0,0.0;
0.0,0.0;
0.0,0.0;
0.0,0.0;
0.0,0.0;
0.0,0.0;
0.0,0.0;
0.0,0.0;
0.0,0.0;
0.0,0.0;
0.0,0.0;
0.0,0.0;
0.0,0.0;
0.0,0.0;
0.0,0.0;
0.0,0.0;
0.0,0.0;
0.0,0.0;
0.0,0.0;
0.0,0.0;
0.0,0.0;
0.0,0.0;
0.0,0.0;
0.0,0.0;
0.0,0.0;
0.0,0.0;
0.0,0.0;
0.0,0.0;
0.0,0.0;
0.0,0.0;
0.0,0.0;
0.0,0.0;
0.0,0.0;
0.0,0.0;
0.0,0.0;
1677.67566128,-1999.37599654;
0.0,0.0;
0.0,0.0;
1814.79763613,-1946.13220001;
0.0,0.0;
0.0,0.0;
0.0,0.0;
0.0,0.0;
0.0,0.0;
0.0,0.0;
0.0,0.0;
0.0,0.0;
0.0,0.0;
0.0,0.0;
0.0,0.0;
0.0,0.0;
0.0,0.0;
0.0,0.0;
0.0,0.0;
0.0,0.0;
0.0,0.0;
0.0,0.0;
980.071828073,-521.113434692;
981.889189656,-500.297530713;
985.078274744,-480.454776881;
986.062872296,-459.808668774;
992.110367,-441.71599438;
0.0,0.0;
0.0,0.0;
0.0,0.0;
0.0,0.0;
976.720688594,-336.311903554;
982.441381333,-319.214555189;
988.819117666,-302.312342683;
990.099546816,-283.906476492;
990.073971946,-265.28952123;
991.642232254,-247.244177303;
990.934355887,-228.775222268;
0.0,0.0;
0.0,0.0;
0.0,0.0;
0.0,0.0;
3081.71422992,-433.106690188;
3059.02723936,-375.601316375;
3110.86448871,-326.965033101;
3120.08179442,-272.971786286;
3129.35842567,-218.826058135;
3137.6939982,-164.439574515;
3160.07379503,-110.352208573;
3136.52221971,-54.7481989938;
