0.0,0.0;
0.0,0.0;
0.0,0.0;
1071.52949079,56.1564810487;
1079.36430238,75.4765045911;
0.0,0.0;
0.0,0.0;
0.0,0.0;
0.0,0.0;
0.0,0.0;
0.0,0.0;
0.0,0.0;
0.0,0.0;
0.0,0.0;
0.0,0.0;
0.0,0.0;
0.0,0.0;
0.0,0.0;
0.0,0.0;
0.0,0.0;
0.0,0.0;
0.0,0.0;
0.0,0.0;
0.0,0.0;
0.0,0.0;
0.0,0.0;
0.0,0.0;
0.0,0.0;
0.0,0.0;
0.0,0.0;
0.0,0.0;
0.0,0.0;
0.0,0.0;
0.0,0.0;
0.0,0.0;
0.0,0.0;
0.0,0.0;
0.0,0.0;
0.0,0.0;
0.0,0.0;
0.0,0.0;
0.0,0.0;
0.0,0.0;
0.0,0.0;
0.0,0.0;
0.0,0.0;
0.0,0.0;
0.0,0.0;
0.0,0.0;
0.0,0.0;
0.0,0.0;
0.0,0.0;
0.0,0.0;
0.0,0.0;
0.0,0.0;
824.229339036,1177.12148764;
796.290694542,1180.54950332;
772.298151651,1189.23486535;
748.246001097,1197.44391177;
723.628495249,1204.32005749;
698.5,1209.83748909;
674.370181763,1216.59601263;
651.626529147,1225.53125889;
626.506889641,1229.58900338;
603.637069129,1237.63940175;
580.25487337,1244.3605916;
557.635937657,1252.47082243;
534.910914902,1260.17114438;
510.963393419,1264.67877763;
486.305307533,1266.86863876;
461.385173346,1267.64534544;
436.912463282,1268.88592845;
0.0,0.0;
0.0,0.0;
0.0,0.0;
0.0,0.0;
0.0,0.0;
850.989838583,3686.04195508;
0.0,0.0;
0.0,0.0;
0.0,0.0;
0.0,0.0;
0.0,0.0;
0.0,0.0;
0.0,0.0;
0.0,0.0;
0.0,0.0;
0.0,0.0;
136.457032107,3907.61813364;
68.7799337693,3940.39976661;
2.42724995591e-13,3964.0;
-69.4256728075,3977.39413133;
-139.563087313,3996.56391725;
-210.181200272,4010.49621157;
-281.816153926,4030.15876305;
-353.939471298,4045.54666895;
0.0,0.0;
-500.883001395,4079.36468325;
0.0,0.0;
-650.298071172,4105.82043185;
-732.448013399,4153.91910221;
0.0,0.0;
0.0,0.0;
0.0,0.0;
0.0,0.0;
0.0,0.0;
0.0,0.0;
0.0,0.0;
0.0,0.0;
0.0,0.0;
0.0,0.0;
0.0,0.0;
0.0,0.0;
0.0,0.0;
0.0,0.0;
0.0,0.0;
0.0,0.0;
0.0,0.0;
0.0,0.0;
0.0,0.0;
0.0,0.0;
-1402.44867798,2334.06655981;
-1421.24346667,2274.46499389;
0.0,0.0;
0.0,0.0;
0.0,0.0;
0.0,0.0;
0.0,0.0;
-1663.51730633,2129.20505625;
0.0,0.0;
0.0,0.0;
0.0,0.0;
0.0,0.0;
0.0,0.0;
0.0,0.0;
0.0,0.0;
-1272.5121068,1228.85065734;
0.0,0.0;
0.0,0.0;
0.0,0.0;
-1462.37884191,1227.08154689;
-1483.57164042,1201.37262651;
0.0,0.0;
0.0,0.0;
0.0,0.0;
0.0,0.0;
0.0,0.0;
0.0,0.0;
0.0,0.0;
0.0,0.0;
0.0,0.0;
-906.106016596,502.262766575;
0.0,0.0;
0.0,0.0;
0.0,0.0;
-967.936716555,451.356303539;
0.0,0.0;
-2431.05331797,1031.92091034;
-2471.87215628,998.701178047;
-2484.25751491,953.61711374;
-2456.35651073,894.040654653;
-2501.84215104,861.453336694;
0.0,0.0;
0.0,0.0;
0.0,0.0;
0.0,0.0;
0.0,0.0;
0.0,0.0;
0.0,0.0;
0.0,0.0;
0.0,0.0;
0.0,0.0;
0.0,0.0;
-1089.8156745,133.812539059;
-1100.93573817,115.713008837;
-1150.6048763,100.664882874;
0.0,0.0;
0.0,0.0;
-2677.36802558,93.495751666;
0.0,0.0;
0.0,0.0;
-1388.78844857,-24.2413925414;
-1375.16177798,-48.0217074626;
-1370.11972168,-71.8049319653;
0.0,0.0;
-1623.79735789,-142.063860679;
-1631.0159084,-171.426679759;
-1638.69369636,-201.206285962;
-1646.81579832,-231.444866897;
-1655.36565884,-262.184163407;
-1670.23394911,-294.507309323;
-1674.65597496,-325.520146112;
-1682.41387326,-357.608108207;
-1691.50643247,-390.515030341;
-1696.07692953,-422.879473508;
-1704.8590834,-456.815614606;
0.0,0.0;
0.0,0.0;
0.0,0.0;
0.0,0.0;
0.0,0.0;
0.0,0.0;
0.0,0.0;
0.0,0.0;
0.0,0.0;
0.0,0.0;
0.0,0.0;
0.0,0.0;
-1731.4602296,-920.633734623;
-1722.12620336,-954.590142265;
-1748.50529024,-1009.5;
0.0,0.0;
0.0,0.0;
0.0,0.0;
0.0,0.0;
0.0,0.0;
0.0,0.0;
0.0,0.0;
0.0,0.0;
0.0,0.0;
0.0,0.0;
0.0,0.0;
0.0,0.0;
0.0,0.0;
0.0,0.0;
0.0,0.0;
0.0,0.0;
0.0,0.0;
0.0,0.0;
0.0,0.0;
0.0,0.0;
0.0,0.0;
0.0,0.0;
0.0,0.0;
0.0,0.0;
0.0,0.0;
0.0,0.0;
0.0,0.0;
0.0,0.0;
0.0,0.0;
0.0,0.0;
0.0,0.0;
0.0,0.0;
0.0,0.0;
0.0,0.0;
0.0,0.0;
0.0,0.0;
0.0,0.0;
0.0,0.0;
0.0,0.0;
0.0,0.0;
0.0,0.0;
0.0,0.0;
0.0,0.0;
0.0,0.0;
0.0,0.0;
0.0,0.0;
0.0,0.0;
0.0,0.0;
0.0,0.0;
0.0,0.0;
0.0,0.0;
0.0,0.0;
0.0,0.0;
0.0,0.0;
0.0,0.0;
0.0,0.0;
0.0,0.0;
0.0,0.0;
0.0,0.0;
0.0,0.0;
0.0,0.0;
0.0,0.0;
0.0,0.0;
0.0,0.0;
0.0,0.0;
0.0,0.0;
0.0,0.0;
0.0,0.0;
0.0,0.0;
0.0,0.0;
0.0,0.0;
0.0,0.0;
0.0,0.0;
0.0,0.0;
0.0,0.0;
0.0,0.0;
0.0,0.0;
0.0,0.0;
0.0,0.0;
0.0,0.0;
0.0,0.0;
0.0,0.0;
0.0,0.0;
0.0,0.0;
0.0,0.0;
0.0,0.0;
1306.13066775,-2563.42577009;
1347.85285676,-2534.9425391;
0.0,0.0;
0.0,0.0;
0.0,0.0;
0.0,0.0;
0.0,0.0;
0.0,0.0;
0.0,0.0;
0.0,0.0;
740.8342935,-983.120312868;
748.644353996,-958.221076386;
756.443110042,-934.129445671;
764.274467917,-910.826842868;
766.276945861,-881.5007897;
772.176719738,-857.589128601;
778.842127191,-835.205927249;
784.963958619,-812.853974383;
790.545381367,-790.545381367;
795.589819175,-768.292157728;
799.36959587,-745.424207548;
805.568990817,-725.337577293;
809.803379579,-703.951338107;
817.369420808,-685.854379536;
828.437594913,-670.855536859;
0.0,0.0;
0.0,0.0;
0.0,0.0;
0.0,0.0;
0.0,0.0;
0.0,0.0;
0.0,0.0;
0.0,0.0;
0.0,0.0;
0.0,0.0;
0.0,0.0;
0.0,0.0;
0.0,0.0;
0.0,0.0;
0.0,0.0;
0.0,0.0;
0.0,0.0;
0.0,0.0;
0.0,0.0;
2915.97928715,-1004.05218835;
2935.9114658,-953.935461635;
0.0,0.0;
0.0,0.0;
0.0,0.0;
0.0,0.0;
0.0,0.0;
0.0,0.0;
0.0,0.0;
0.0,0.0;
0.0,0.0;
0.0,0.0;
0.0,0.0;
0.0,0.0;
0.0,0.0;
0.0,0.0;
3141.68851634,-164.64891834;
0.0,0.0;
0.0,0.0;
