3228.0,0.0;
3212.51064454,56.074581883;
0.0,0.0;
0.0,0.0;
0.0,0.0;
0.0,0.0;
0.0,0.0;
0.0,0.0;
0.0,0.0;
0.0,0.0;
1264.49315487,222.964260124;
1266.29906665,246.143604036;
0.0,0.0;
0.0,0.0;
1315.72100483,328.046090433;
1276.95394235,342.158777626;
1279.43931729,366.873320592;
1281.44837299,391.778084328;
1284.87735351,417.481959401;
1290.63285569,444.400530834;
1290.19796834,469.593656786;
1292.07531027,495.981242171;
0.0,0.0;
1296.99133851,550.540160041;
1299.06164077,578.379506454;
1304.17690555,608.147678645;
1305.04895523,636.514905138;
1299.08751227,661.91814862;
0.0,0.0;
0.0,0.0;
0.0,0.0;
0.0,0.0;
0.0,0.0;
0.0,0.0;
0.0,0.0;
0.0,0.0;
0.0,0.0;
0.0,0.0;
0.0,0.0;
0.0,0.0;
0.0,0.0;
0.0,0.0;
0.0,0.0;
0.0,0.0;
0.0,0.0;
0.0,0.0;
0.0,0.0;
0.0,0.0;
0.0,0.0;
0.0,0.0;
0.0,0.0;
0.0,0.0;
0.0,0.0;
0.0,0.0;
0.0,0.0;
0.0,0.0;
0.0,0.0;
0.0,0.0;
0.0,0.0;
0.0,0.0;
0.0,0.0;
716.063809104,1291.81330744;
688.714782607,1295.28411872;
661.464158121,1298.19650574;
636.076533991,1304.15016118;
610.260769954,1308.70844448;
584.4805561,1312.76482263;
560.308438254,1320.00395985;
533.814395618,1321.23699276;
507.449016556,1321.94988392;
486.352643809,1336.24290676;
456.120984394,1324.67152441;
429.224605187,1321.01750113;
0.0,0.0;
0.0,0.0;
0.0,0.0;
0.0,0.0;
0.0,0.0;
0.0,0.0;
0.0,0.0;
0.0,0.0;
0.0,0.0;
0.0,0.0;
0.0,0.0;
0.0,0.0;
0.0,0.0;
0.0,0.0;
0.0,0.0;
0.0,0.0;
0.0,0.0;
0.0,0.0;
0.0,0.0;
0.0,0.0;
0.0,0.0;
0.0,0.0;
0.0,0.0;
0.0,0.0;
0.0,0.0;
0.0,0.0;
0.0,0.0;
0.0,0.0;
0.0,0.0;
0.0,0.0;
0.0,0.0;
0.0,0.0;
0.0,0.0;
0.0,0.0;
0.0,0.0;
0.0,0.0;
0.0,0.0;
0.0,0.0;
0.0,0.0;
0.0,0.0;
0.0,0.0;
0.0,0.0;
0.0,0.0;
0.0,0.0;
0.0,0.0;
0.0,0.0;
0.0,0.0;
0.0,0.0;
0.0,0.0;
0.0,0.0;
0.0,0.0;
0.0,0.0;
-918.869451034,1312.28157495;
-920.47170509,1266.92061319;
0.0,0.0;
0.0,0.0;
0.0,0.0;
0.0,0.0;
0.0,0.0;
0.0,0.0;
0.0,0.0;
0.0,0.0;
0.0,0.0;
0.0,0.0;
0.0,0.0;
0.0,0.0;
0.0,0.0;
0.0,0.0;
0.0,0.0;
0.0,0.0;
0.0,0.0;
0.0,0.0;
0.0,0.0;
0.0,0.0;
0.0,0.0;
0.0,0.0;
0.0,0.0;
0.0,0.0;
0.0,0.0;
0.0,0.0;
0.0,0.0;
-946.430130753,461.604817569;
0.0,0.0;
0.0,0.0;
-944.437979642,400.89013783;
-967.052760313,390.714676933;
0.0,0.0;
0.0,0.0;
0.0,0.0;
0.0,0.0;
0.0,0.0;
0.0,0.0;
0.0,0.0;
0.0,0.0;
0.0,0.0;
0.0,0.0;
0.0,0.0;
0.0,0.0;
0.0,0.0;
0.0,0.0;
-2490.29829447,305.770182604;
0.0,0.0;
0.0,0.0;
0.0,0.0;
0.0,0.0;
0.0,0.0;
-501.923542969,8.76110803152;
-481.0,5.8905511039e-14;
-482.926436761,-8.42951230921;
-462.71795291,-16.1584669733;
-485.333953891,-25.4352747341;
-484.816128426,-33.9016462396;
-487.139207367,-42.6191582036;
-489.304772521,-51.4280039277;
-491.310345062,-60.3253249855;
-497.114570508,-69.864896682;
-508.659495406,-80.5637494957;
-522.932916849,-92.2071823411;
-530.078679062,-103.036857503;
-534.068590001,-113.519783186;
-1438.17021562,-332.027756212;
-1440.88915352,-359.254014966;
-1446.95688778,-387.710929564;
0.0,0.0;
0.0,0.0;
0.0,0.0;
0.0,0.0;
0.0,0.0;
0.0,0.0;
-318.951245971,-128.864668135;
0.0,0.0;
-15261.6904154,-6794.94235922;
0.0,0.0;
0.0,0.0;
0.0,0.0;
0.0,0.0;
-258.012813606,-143.018837973;
-253.745443309,-146.5;
-249.435684504,-149.876079799;
-244.237851693,-152.616748099;
-244.89180584,-159.034598224;
-267.779135935,-180.619307821;
-269.501022571,-188.706647559;
-275.874795082,-200.434771032;
-272.334708926,-205.218922895;
0.0,0.0;
0.0,0.0;
0.0,0.0;
-2273.93996521,-1976.70585435;
0.0,0.0;
0.0,0.0;
0.0,0.0;
0.0,0.0;
0.0,0.0;
0.0,0.0;
0.0,0.0;
0.0,0.0;
0.0,0.0;
0.0,0.0;
0.0,0.0;
0.0,0.0;
0.0,0.0;
0.0,0.0;
0.0,0.0;
0.0,0.0;
0.0,0.0;
0.0,0.0;
0.0,0.0;
0.0,0.0;
0.0,0.0;
0.0,0.0;
0.0,0.0;
0.0,0.0;
0.0,0.0;
0.0,0.0;
0.0,0.0;
0.0,0.0;
0.0,0.0;
0.0,0.0;
0.0,0.0;
0.0,0.0;
0.0,0.0;
0.0,0.0;
0.0,0.0;
0.0,0.0;
0.0,0.0;
0.0,0.0;
0.0,0.0;
0.0,0.0;
0.0,0.0;
0.0,0.0;
0.0,0.0;
0.0,0.0;
0.0,0.0;
0.0,0.0;
0.0,0.0;
0.0,0.0;
0.0,0.0;
40.3674160894,-2312.6477189;
0.0,0.0;
0.0,0.0;
0.0,0.0;
0.0,0.0;
0.0,0.0;
0.0,0.0;
0.0,0.0;
0.0,0.0;
0.0,0.0;
0.0,0.0;
0.0,0.0;
0.0,0.0;
0.0,0.0;
0.0,0.0;
0.0,0.0;
0.0,0.0;
0.0,0.0;
0.0,0.0;
0.0,0.0;
0.0,0.0;
0.0,0.0;
0.0,0.0;
0.0,0.0;
0.0,0.0;
0.0,0.0;
0.0,0.0;
0.0,0.0;
0.0,0.0;
0.0,0.0;
0.0,0.0;
0.0,0.0;
0.0,0.0;
0.0,0.0;
0.0,0.0;
0.0,0.0;
1645.3622733,-2183.46948447;
0.0,0.0;
0.0,0.0;
0.0,0.0;
0.0,0.0;
0.0,0.0;
0.0,0.0;
0.0,0.0;
0.0,0.0;
0.0,0.0;
0.0,0.0;
0.0,0.0;
0.0,0.0;
0.0,0.0;
1143.95885526,-926.359615625;
1144.19161424,-893.940462173;
1147.63922794,-864.808188269;
0.0,0.0;
0.0,0.0;
0.0,0.0;
0.0,0.0;
0.0,0.0;
0.0,0.0;
0.0,0.0;
0.0,0.0;
1183.14977443,-629.091894133;
0.0,0.0;
1186.40814111,-578.649913762;
0.0,0.0;
1195.83100405,-532.418265786;
0.0,0.0;
0.0,0.0;
0.0,0.0;
0.0,0.0;
0.0,0.0;
0.0,0.0;
3107.03415212,-949.915668644;
3109.68158636,-891.686846068;
3119.94041891,-835.985515681;
3130.17401297,-780.440035205;
3118.95857738,-720.068324955;
3138.87565075,-667.188615834;
3129.42746083,-608.29907726;
3164.18731043,-557.931594844;
3191.22102846,-505.439756545;
3186.68264521,-447.859038889;
3199.96879289,-392.906763138;
3202.36050309,-336.581651722;
3222.68984833,-281.948827789;
3225.12457449,-225.522679615;
3209.5953247,-168.207763365;
3207.0451639,-111.992484918;
3223.50896918,-56.2665583538;
