1359.0,0.0;
1367.79164697,23.8748920062;
0.0,0.0;
1363.12931494,71.4385802716;
1349.70416,94.3805089758;
1350.84001061,118.183187166;
1354.53882149,142.367766971;
1358.7956816,166.839131122;
1345.77430542,189.136244205;
1341.28076653,212.438003525;
1350.17142938,238.071651581;
1338.93947822,260.263469694;
1337.1277702,284.215281348;
1337.81009895,308.857797614;
1339.97839799,334.094137823;
0.0,0.0;
0.0,0.0;
0.0,0.0;
0.0,0.0;
0.0,0.0;
0.0,0.0;
0.0,0.0;
0.0,0.0;
0.0,0.0;
0.0,0.0;
0.0,0.0;
0.0,0.0;
0.0,0.0;
0.0,0.0;
0.0,0.0;
0.0,0.0;
0.0,0.0;
0.0,0.0;
0.0,0.0;
0.0,0.0;
0.0,0.0;
0.0,0.0;
0.0,0.0;
0.0,0.0;
0.0,0.0;
0.0,0.0;
0.0,0.0;
0.0,0.0;
0.0,0.0;
0.0,0.0;
0.0,0.0;
0.0,0.0;
0.0,0.0;
0.0,0.0;
0.0,0.0;
0.0,0.0;
0.0,0.0;
0.0,0.0;
784.164975167,1040.62206959;
760.006331214,1046.05897373;
739.913602893,1056.70613713;
713.530144829,1057.85194258;
682.432710874,1050.85422164;
0.0,0.0;
626.801337166,1043.17260495;
602.5,1043.56061156;
576.438638473,1039.92283179;
553.037500962,1040.11226439;
529.806913196,1039.80461373;
0.0,0.0;
0.0,0.0;
458.392196746,1029.56573076;
0.0,0.0;
0.0,0.0;
0.0,0.0;
185.716937826,510.253093087;
0.0,0.0;
165.942125979,510.71734925;
163.43578294,534.574358583;
160.972215797,561.376830428;
158.656074648,592.112531515;
155.555778871,623.900151995;
152.291863791,659.64853386;
148.864770626,700.353682125;
143.869982514,740.14689632;
0.0,0.0;
0.0,0.0;
0.0,0.0;
0.0,0.0;
0.0,0.0;
0.0,0.0;
0.0,0.0;
0.0,0.0;
0.0,0.0;
0.0,0.0;
0.0,0.0;
0.0,0.0;
0.0,0.0;
0.0,0.0;
0.0,0.0;
0.0,0.0;
0.0,0.0;
0.0,0.0;
0.0,0.0;
0.0,0.0;
0.0,0.0;
0.0,0.0;
0.0,0.0;
0.0,0.0;
0.0,0.0;
0.0,0.0;
0.0,0.0;
0.0,0.0;
0.0,0.0;
0.0,0.0;
0.0,0.0;
0.0,0.0;
0.0,0.0;
0.0,0.0;
0.0,0.0;
0.0,0.0;
0.0,0.0;
0.0,0.0;
0.0,0.0;
0.0,0.0;
0.0,0.0;
0.0,0.0;
0.0,0.0;
0.0,0.0;
0.0,0.0;
0.0,0.0;
0.0,0.0;
0.0,0.0;
0.0,0.0;
0.0,0.0;
0.0,0.0;
0.0,0.0;
0.0,0.0;
0.0,0.0;
0.0,0.0;
0.0,0.0;
0.0,0.0;
0.0,0.0;
0.0,0.0;
0.0,0.0;
0.0,0.0;
0.0,0.0;
0.0,0.0;
0.0,0.0;
0.0,0.0;
0.0,0.0;
0.0,0.0;
0.0,0.0;
0.0,0.0;
0.0,0.0;
0.0,0.0;
0.0,0.0;
0.0,0.0;
0.0,0.0;
0.0,0.0;
0.0,0.0;
0.0,0.0;
0.0,0.0;
0.0,0.0;
0.0,0.0;
0.0,0.0;
0.0,0.0;
0.0,0.0;
0.0,0.0;
0.0,0.0;
0.0,0.0;
0.0,0.0;
0.0,0.0;
0.0,0.0;
0.0,0.0;
0.0,0.0;
0.0,0.0;
0.0,0.0;
0.0,0.0;
0.0,0.0;
0.0,0.0;
0.0,0.0;
0.0,0.0;
0.0,0.0;
0.0,0.0;
0.0,0.0;
0.0,0.0;
0.0,0.0;
0.0,0.0;
0.0,0.0;
0.0,0.0;
0.0,0.0;
0.0,0.0;
0.0,0.0;
0.0,0.0;
0.0,0.0;
0.0,0.0;
0.0,0.0;
0.0,0.0;
0.0,0.0;
0.0,0.0;
0.0,0.0;
0.0,0.0;
0.0,0.0;
0.0,0.0;
0.0,0.0;
0.0,0.0;
0.0,0.0;
0.0,0.0;
0.0,0.0;
0.0,0.0;
0.0,0.0;
0.0,0.0;
0.0,0.0;
0.0,0.0;
0.0,0.0;
0.0,0.0;
0.0,0.0;
0.0,0.0;
0.0,0.0;
0.0,0.0;
0.0,0.0;
0.0,0.0;
0.0,0.0;
0.0,0.0;
0.0,0.0;
0.0,0.0;
0.0,0.0;
0.0,0.0;
0.0,0.0;
0.0,0.0;
0.0,0.0;
0.0,0.0;
0.0,0.0;
0.0,0.0;
0.0,0.0;
0.0,0.0;
0.0,0.0;
0.0,0.0;
0.0,0.0;
0.0,0.0;
0.0,0.0;
0.0,0.0;
0.0,0.0;
0.0,0.0;
0.0,0.0;
0.0,0.0;
0.0,0.0;
0.0,0.0;
0.0,0.0;
0.0,0.0;
0.0,0.0;
0.0,0.0;
0.0,0.0;
0.0,0.0;
0.0,0.0;
0.0,0.0;
0.0,0.0;
0.0,0.0;
0.0,0.0;
0.0,0.0;
0.0,0.0;
0.0,0.0;
0.0,0.0;
0.0,0.0;
0.0,0.0;
0.0,0.0;
0.0,0.0;
0.0,0.0;
0.0,0.0;
0.0,0.0;
0.0,0.0;
0.0,0.0;
0.0,0.0;
0.0,0.0;
0.0,0.0;
0.0,0.0;
0.0,0.0;
0.0,0.0;
0.0,0.0;
0.0,0.0;
0.0,0.0;
0.0,0.0;
0.0,0.0;
0.0,0.0;
0.0,0.0;
0.0,0.0;
0.0,0.0;
0.0,0.0;
0.0,0.0;
0.0,0.0;
0.0,0.0;
0.0,0.0;
0.0,0.0;
0.0,0.0;
0.0,0.0;
0.0,0.0;
0.0,0.0;
0.0,0.0;
0.0,0.0;
0.0,0.0;
0.0,0.0;
0.0,0.0;
0.0,0.0;
0.0,0.0;
0.0,0.0;
0.0,0.0;
0.0,0.0;
0.0,0.0;
0.0,0.0;
0.0,0.0;
0.0,0.0;
0.0,0.0;
0.0,0.0;
0.0,0.0;
0.0,0.0;
0.0,0.0;
0.0,0.0;
0.0,0.0;
0.0,0.0;
0.0,0.0;
0.0,0.0;
0.0,0.0;
0.0,0.0;
0.0,0.0;
0.0,0.0;
0.0,0.0;
0.0,0.0;
0.0,0.0;
0.0,0.0;
0.0,0.0;
0.0,0.0;
0.0,0.0;
0.0,0.0;
0.0,0.0;
0.0,0.0;
0.0,0.0;
0.0,0.0;
0.0,0.0;
0.0,0.0;
0.0,0.0;
0.0,0.0;
0.0,0.0;
0.0,0.0;
0.0,0.0;
0.0,0.0;
0.0,0.0;
0.0,0.0;
0.0,0.0;
0.0,0.0;
972.687307073,-260.630778418;
0.0,0.0;
0.0,0.0;
0.0,0.0;
0.0,0.0;
968.066021211,-170.696158647;
0.0,0.0;
0.0,0.0;
0.0,0.0;
0.0,0.0;
1285.09116054,-112.430908144;
0.0,0.0;
0.0,0.0;
1365.16786971,-47.6727124956;
1362.7924085,-23.787629974;
