0.0,0.0;
0.0,0.0;
0.0,0.0;
0.0,0.0;
0.0,0.0;
0.0,0.0;
0.0,0.0;
0.0,0.0;
0.0,0.0;
0.0,0.0;
0.0,0.0;
0.0,0.0;
0.0,0.0;
0.0,0.0;
0.0,0.0;
0.0,0.0;
0.0,0.0;
0.0,0.0;
0.0,0.0;
0.0,0.0;
0.0,0.0;
0.0,0.0;
0.0,0.0;
0.0,0.0;
0.0,0.0;
0.0,0.0;
0.0,0.0;
0.0,0.0;
0.0,0.0;
0.0,0.0;
0.0,0.0;
0.0,0.0;
0.0,0.0;
0.0,0.0;
0.0,0.0;
0.0,0.0;
0.0,0.0;
0.0,0.0;
0.0,0.0;
0.0,0.0;
0.0,0.0;
0.0,0.0;
0.0,0.0;
0.0,0.0;
0.0,0.0;
0.0,0.0;
0.0,0.0;
0.0,0.0;
0.0,0.0;
0.0,0.0;
0.0,0.0;
0.0,0.0;
0.0,0.0;
0.0,0.0;
0.0,0.0;
0.0,0.0;
0.0,0.0;
0.0,0.0;
0.0,0.0;
0.0,0.0;
0.0,0.0;
0.0,0.0;
0.0,0.0;
0.0,0.0;
0.0,0.0;
0.0,0.0;
0.0,0.0;
0.0,0.0;
0.0,0.0;
0.0,0.0;
531.157282585,1459.34264008;
500.072685246,1452.31653212;
0.0,0.0;
0.0,0.0;
0.0,0.0;
0.0,0.0;
0.0,0.0;
0.0,0.0;
0.0,0.0;
0.0,0.0;
0.0,0.0;
0.0,0.0;
0.0,0.0;
0.0,0.0;
0.0,0.0;
0.0,0.0;
0.0,0.0;
0.0,0.0;
0.0,0.0;
0.0,0.0;
0.0,0.0;
0.0,0.0;
0.0,0.0;
0.0,0.0;
0.0,0.0;
0.0,0.0;
0.0,0.0;
0.0,0.0;
0.0,0.0;
0.0,0.0;
0.0,0.0;
0.0,0.0;
0.0,0.0;
0.0,0.0;
0.0,0.0;
0.0,0.0;
0.0,0.0;
0.0,0.0;
0.0,0.0;
0.0,0.0;
0.0,0.0;
0.0,0.0;
0.0,0.0;
0.0,0.0;
0.0,0.0;
0.0,0.0;
0.0,0.0;
0.0,0.0;
0.0,0.0;
0.0,0.0;
0.0,0.0;
0.0,0.0;
0.0,0.0;
0.0,0.0;
0.0,0.0;
0.0,0.0;
0.0,0.0;
0.0,0.0;
0.0,0.0;
0.0,0.0;
0.0,0.0;
0.0,0.0;
0.0,0.0;
0.0,0.0;
0.0,0.0;
0.0,0.0;
0.0,0.0;
0.0,0.0;
0.0,0.0;
0.0,0.0;
0.0,0.0;
0.0,0.0;
0.0,0.0;
0.0,0.0;
0.0,0.0;
0.0,0.0;
0.0,0.0;
0.0,0.0;
0.0,0.0;
0.0,0.0;
0.0,0.0;
0.0,0.0;
0.0,0.0;
0.0,0.0;
0.0,0.0;
0.0,0.0;
0.0,0.0;
-338.74578607,143.789055284;
-338.422106917,136.731406597;
-340.756855671,130.804301584;
-15741.7307834,5729.52144099;
0.0,0.0;
0.0,0.0;
0.0,0.0;
0.0,0.0;
0.0,0.0;
0.0,0.0;
0.0,0.0;
0.0,0.0;
0.0,0.0;
0.0,0.0;
0.0,0.0;
0.0,0.0;
0.0,0.0;
0.0,0.0;
0.0,0.0;
0.0,0.0;
0.0,0.0;
0.0,0.0;
0.0,0.0;
0.0,0.0;
0.0,0.0;
0.0,0.0;
0.0,0.0;
0.0,0.0;
0.0,0.0;
-664.340626106,-69.8250134628;
-660.043190841,-81.0431133644;
0.0,0.0;
0.0,0.0;
-1127.6048772,-198.827163429;
-1132.7977697,-220.193580665;
0.0,0.0;
0.0,0.0;
0.0,0.0;
0.0,0.0;
0.0,0.0;
-1138.95896435,-348.214700325;
-15853.1610701,-5151.00427924;
-262.854164017,-90.5079469391;
-260.294855958,-94.7395797012;
-259.535358566,-99.6262899736;
-263.320214697,-106.38827253;
0.0,0.0;
0.0,0.0;
0.0,0.0;
-452.992199335,-220.939057982;
-453.522320812,-231.081164367;
-1136.35355201,-604.209901305;
-1123.01170397,-622.495552396;
-1123.23494871,-648.5;
-1112.60315631,-668.519421233;
-1120.27153502,-700.023348052;
-1122.97989048,-729.271667885;
-1107.59419693,-747.081719037;
-1114.04678023,-780.063953437;
0.0,0.0;
0.0,0.0;
0.0,0.0;
0.0,0.0;
0.0,0.0;
0.0,0.0;
0.0,0.0;
0.0,0.0;
0.0,0.0;
0.0,0.0;
0.0,0.0;
0.0,0.0;
0.0,0.0;
0.0,0.0;
0.0,0.0;
0.0,0.0;
0.0,0.0;
0.0,0.0;
0.0,0.0;
0.0,0.0;
0.0,0.0;
0.0,0.0;
0.0,0.0;
-854.963204351,-1422.89771917;
0.0,0.0;
0.0,0.0;
0.0,0.0;
0.0,0.0;
0.0,0.0;
-591.242948175,-1267.92459406;
-570.651510235,-1281.70427707;
-536.864570544,-1264.77366864;
0.0,0.0;
0.0,0.0;
0.0,0.0;
0.0,0.0;
0.0,0.0;
0.0,0.0;
0.0,0.0;
0.0,0.0;
0.0,0.0;
0.0,0.0;
0.0,0.0;
0.0,0.0;
0.0,0.0;
0.0,0.0;
0.0,0.0;
0.0,0.0;
0.0,0.0;
0.0,0.0;
0.0,0.0;
0.0,0.0;
0.0,0.0;
0.0,0.0;
0.0,0.0;
0.0,0.0;
0.0,0.0;
0.0,0.0;
0.0,0.0;
0.0,0.0;
0.0,0.0;
0.0,0.0;
0.0,0.0;
0.0,0.0;
0.0,0.0;
0.0,0.0;
0.0,0.0;
0.0,0.0;
0.0,0.0;
0.0,0.0;
0.0,0.0;
0.0,0.0;
0.0,0.0;
0.0,0.0;
0.0,0.0;
0.0,0.0;
0.0,0.0;
0.0,0.0;
586.514239315,-1317.33254992;
610.683388215,-1309.61475227;
0.0,0.0;
0.0,0.0;
0.0,0.0;
0.0,0.0;
677.0,-1172.59839672;
685.515677705,-1140.88967723;
701.083186581,-1121.96763121;
733.628780165,-1129.68925502;
0.0,0.0;
0.0,0.0;
0.0,0.0;
0.0,0.0;
0.0,0.0;
0.0,0.0;
0.0,0.0;
0.0,0.0;
0.0,0.0;
0.0,0.0;
0.0,0.0;
0.0,0.0;
0.0,0.0;
0.0,0.0;
0.0,0.0;
0.0,0.0;
0.0,0.0;
0.0,0.0;
0.0,0.0;
0.0,0.0;
0.0,0.0;
0.0,0.0;
0.0,0.0;
0.0,0.0;
0.0,0.0;
0.0,0.0;
0.0,0.0;
0.0,0.0;
0.0,0.0;
0.0,0.0;
0.0,0.0;
0.0,0.0;
0.0,0.0;
0.0,0.0;
0.0,0.0;
0.0,0.0;
0.0,0.0;
0.0,0.0;
0.0,0.0;
0.0,0.0;
0.0,0.0;
0.0,0.0;
0.0,0.0;
0.0,0.0;
0.0,0.0;
0.0,0.0;
0.0,0.0;
0.0,0.0;
0.0,0.0;
0.0,0.0;
0.0,0.0;
0.0,0.0;
0.0,0.0;
0.0,0.0;
0.0,0.0;
0.0,0.0;
