1367.0,0.0;
1364.79210389,23.8225347869;
1361.1703064,47.5331145088;
1343.15672424,70.3918611468;
1352.69685215,94.589778397;
1352.83240001,118.357498651;
1353.5442996,142.263238507;
1359.78822775,166.961000465;
1351.71591383,189.97128281;
1349.18227325,213.689479245;
1348.20181387,237.724355226;
1341.88435977,260.83589668;
1342.01850821,285.254839802;
1347.5537996,311.107308158;
0.0,0.0;
1341.67097272,359.499653647;
0.0,0.0;
0.0,0.0;
1338.13651843,434.786911086;
0.0,0.0;
1327.78567317,483.274462519;
1340.62149245,514.616375547;
1362.03308236,550.297085728;
1316.32194044,558.74551374;
1344.73891365,598.716338608;
0.0,0.0;
0.0,0.0;
0.0,0.0;
0.0,0.0;
0.0,0.0;
0.0,0.0;
0.0,0.0;
0.0,0.0;
0.0,0.0;
0.0,0.0;
0.0,0.0;
0.0,0.0;
0.0,0.0;
0.0,0.0;
0.0,0.0;
0.0,0.0;
0.0,0.0;
0.0,0.0;
0.0,0.0;
0.0,0.0;
0.0,0.0;
0.0,0.0;
0.0,0.0;
0.0,0.0;
0.0,0.0;
0.0,0.0;
0.0,0.0;
0.0,0.0;
800.413980792,1062.18522836;
0.0,0.0;
740.487179329,1057.52528918;
713.530144829,1057.85194258;
684.611267014,1054.20890391;
0.0,0.0;
618.045689892,1028.60076084;
0.0,0.0;
577.408257713,1041.6720712;
551.159614711,1036.58047402;
526.174989198,1032.67656153;
0.0,0.0;
0.0,0.0;
458.392196746,1029.56573076;
0.0,0.0;
0.0,0.0;
0.0,0.0;
0.0,0.0;
175.806803407,510.580030824;
165.633108985,509.766292734;
163.728154645,535.530663339;
161.247853153,562.338092124;
158.656074648,592.112531515;
155.797700766,624.870447722;
152.291863791,659.64853386;
149.280594007,702.309977327;
144.060791509,741.128523503;
0.0,0.0;
0.0,0.0;
0.0,0.0;
0.0,0.0;
0.0,0.0;
0.0,0.0;
0.0,0.0;
0.0,0.0;
0.0,0.0;
0.0,0.0;
0.0,0.0;
0.0,0.0;
0.0,0.0;
0.0,0.0;
0.0,0.0;
0.0,0.0;
0.0,0.0;
0.0,0.0;
0.0,0.0;
0.0,0.0;
0.0,0.0;
0.0,0.0;
0.0,0.0;
0.0,0.0;
0.0,0.0;
0.0,0.0;
0.0,0.0;
0.0,0.0;
0.0,0.0;
0.0,0.0;
0.0,0.0;
0.0,0.0;
0.0,0.0;
0.0,0.0;
0.0,0.0;
0.0,0.0;
0.0,0.0;
0.0,0.0;
0.0,0.0;
0.0,0.0;
0.0,0.0;
0.0,0.0;
0.0,0.0;
0.0,0.0;
0.0,0.0;
0.0,0.0;
0.0,0.0;
0.0,0.0;
0.0,0.0;
0.0,0.0;
0.0,0.0;
0.0,0.0;
0.0,0.0;
0.0,0.0;
0.0,0.0;
0.0,0.0;
0.0,0.0;
0.0,0.0;
0.0,0.0;
0.0,0.0;
0.0,0.0;
0.0,0.0;
0.0,0.0;
-1661.96049641,1252.37706318;
0.0,0.0;
0.0,0.0;
0.0,0.0;
0.0,0.0;
0.0,0.0;
0.0,0.0;
0.0,0.0;
0.0,0.0;
0.0,0.0;
0.0,0.0;
0.0,0.0;
0.0,0.0;
0.0,0.0;
0.0,0.0;
0.0,0.0;
0.0,0.0;
0.0,0.0;
0.0,0.0;
0.0,0.0;
0.0,0.0;
0.0,0.0;
0.0,0.0;
0.0,0.0;
0.0,0.0;
0.0,0.0;
0.0,0.0;
0.0,0.0;
0.0,0.0;
0.0,0.0;
0.0,0.0;
0.0,0.0;
0.0,0.0;
0.0,0.0;
0.0,0.0;
0.0,0.0;
0.0,0.0;
0.0,0.0;
0.0,0.0;
0.0,0.0;
0.0,0.0;
0.0,0.0;
0.0,0.0;
0.0,0.0;
0.0,0.0;
0.0,0.0;
0.0,0.0;
0.0,0.0;
0.0,0.0;
0.0,0.0;
0.0,0.0;
0.0,0.0;
0.0,0.0;
0.0,0.0;
0.0,0.0;
0.0,0.0;
0.0,0.0;
0.0,0.0;
0.0,0.0;
0.0,0.0;
0.0,0.0;
0.0,0.0;
0.0,0.0;
0.0,0.0;
0.0,0.0;
0.0,0.0;
0.0,0.0;
0.0,0.0;
0.0,0.0;
0.0,0.0;
0.0,0.0;
0.0,0.0;
0.0,0.0;
0.0,0.0;
0.0,0.0;
0.0,0.0;
0.0,0.0;
0.0,0.0;
0.0,0.0;
0.0,0.0;
0.0,0.0;
0.0,0.0;
0.0,0.0;
0.0,0.0;
0.0,0.0;
0.0,0.0;
0.0,0.0;
0.0,0.0;
0.0,0.0;
0.0,0.0;
0.0,0.0;
0.0,0.0;
0.0,0.0;
0.0,0.0;
0.0,0.0;
0.0,0.0;
0.0,0.0;
0.0,0.0;
0.0,0.0;
0.0,0.0;
0.0,0.0;
0.0,0.0;
0.0,0.0;
0.0,0.0;
0.0,0.0;
0.0,0.0;
0.0,0.0;
0.0,0.0;
0.0,0.0;
0.0,0.0;
0.0,0.0;
0.0,0.0;
0.0,0.0;
0.0,0.0;
0.0,0.0;
0.0,0.0;
0.0,0.0;
0.0,0.0;
0.0,0.0;
0.0,0.0;
0.0,0.0;
0.0,0.0;
0.0,0.0;
0.0,0.0;
0.0,0.0;
0.0,0.0;
0.0,0.0;
0.0,0.0;
0.0,0.0;
0.0,0.0;
0.0,0.0;
0.0,0.0;
0.0,0.0;
0.0,0.0;
0.0,0.0;
0.0,0.0;
0.0,0.0;
0.0,0.0;
0.0,0.0;
0.0,0.0;
0.0,0.0;
0.0,0.0;
0.0,0.0;
0.0,0.0;
0.0,0.0;
0.0,0.0;
0.0,0.0;
0.0,0.0;
0.0,0.0;
0.0,0.0;
0.0,0.0;
0.0,0.0;
0.0,0.0;
0.0,0.0;
0.0,0.0;
0.0,0.0;
0.0,0.0;
931.5,-1613.40532725;
0.0,0.0;
0.0,0.0;
0.0,0.0;
0.0,0.0;
0.0,0.0;
0.0,0.0;
0.0,0.0;
0.0,0.0;
0.0,0.0;
0.0,0.0;
0.0,0.0;
997.673734081,-1108.02893479;
0.0,0.0;
0.0,0.0;
0.0,0.0;
0.0,0.0;
0.0,0.0;
0.0,0.0;
0.0,0.0;
0.0,0.0;
0.0,0.0;
0.0,0.0;
0.0,0.0;
0.0,0.0;
0.0,0.0;
0.0,0.0;
0.0,0.0;
0.0,0.0;
0.0,0.0;
0.0,0.0;
0.0,0.0;
0.0,0.0;
0.0,0.0;
0.0,0.0;
0.0,0.0;
0.0,0.0;
0.0,0.0;
0.0,0.0;
0.0,0.0;
0.0,0.0;
0.0,0.0;
0.0,0.0;
0.0,0.0;
974.719359681,-279.496278798;
0.0,0.0;
0.0,0.0;
0.0,0.0;
0.0,0.0;
0.0,0.0;
967.081213458,-170.522510469;
966.946885443,-153.149341274;
0.0,0.0;
0.0,0.0;
0.0,0.0;
0.0,0.0;
1377.63595341,-96.3336902406;
1375.11286936,-72.0666117465;
1365.16786971,-47.6727124956;
1366.79179928,-23.8574395998;
