0.0,0.0;
0.0,0.0;
0.0,0.0;
0.0,0.0;
0.0,0.0;
0.0,0.0;
0.0,0.0;
0.0,0.0;
0.0,0.0;
0.0,0.0;
0.0,0.0;
0.0,0.0;
0.0,0.0;
0.0,0.0;
0.0,0.0;
0.0,0.0;
0.0,0.0;
0.0,0.0;
0.0,0.0;
0.0,0.0;
0.0,0.0;
0.0,0.0;
0.0,0.0;
0.0,0.0;
995.76454883,443.342940953;
943.466406305,439.945610472;
0.0,0.0;
930.210811253,473.966081728;
0.0,0.0;
0.0,0.0;
0.0,0.0;
0.0,0.0;
0.0,0.0;
0.0,0.0;
0.0,0.0;
0.0,0.0;
0.0,0.0;
0.0,0.0;
0.0,0.0;
0.0,0.0;
0.0,0.0;
0.0,0.0;
0.0,0.0;
0.0,0.0;
0.0,0.0;
0.0,0.0;
0.0,0.0;
0.0,0.0;
0.0,0.0;
0.0,0.0;
0.0,0.0;
0.0,0.0;
0.0,0.0;
0.0,0.0;
0.0,0.0;
0.0,0.0;
0.0,0.0;
0.0,0.0;
0.0,0.0;
0.0,0.0;
0.0,0.0;
0.0,0.0;
0.0,0.0;
0.0,0.0;
0.0,0.0;
0.0,0.0;
0.0,0.0;
0.0,0.0;
0.0,0.0;
0.0,0.0;
0.0,0.0;
0.0,0.0;
0.0,0.0;
0.0,0.0;
0.0,0.0;
0.0,0.0;
0.0,0.0;
0.0,0.0;
0.0,0.0;
0.0,0.0;
0.0,0.0;
0.0,0.0;
0.0,0.0;
0.0,0.0;
0.0,0.0;
0.0,0.0;
0.0,0.0;
0.0,0.0;
50.2552752516,1439.12279091;
25.1663700826,1441.78037642;
8.98278427175e-14,1467.0;
-25.2710845212,1447.77946259;
-50.4995717285,1446.1185267;
-76.5151680272,1459.99637981;
0.0,0.0;
-125.678581042,1436.51275465;
0.0,0.0;
0.0,0.0;
0.0,0.0;
0.0,0.0;
0.0,0.0;
0.0,0.0;
0.0,0.0;
0.0,0.0;
0.0,0.0;
0.0,0.0;
0.0,0.0;
0.0,0.0;
0.0,0.0;
0.0,0.0;
0.0,0.0;
0.0,0.0;
0.0,0.0;
0.0,0.0;
0.0,0.0;
0.0,0.0;
0.0,0.0;
0.0,0.0;
0.0,0.0;
0.0,0.0;
0.0,0.0;
0.0,0.0;
0.0,0.0;
0.0,0.0;
0.0,0.0;
0.0,0.0;
0.0,0.0;
0.0,0.0;
0.0,0.0;
0.0,0.0;
0.0,0.0;
0.0,0.0;
0.0,0.0;
0.0,0.0;
0.0,0.0;
0.0,0.0;
0.0,0.0;
0.0,0.0;
0.0,0.0;
0.0,0.0;
0.0,0.0;
0.0,0.0;
0.0,0.0;
0.0,0.0;
0.0,0.0;
0.0,0.0;
0.0,0.0;
0.0,0.0;
0.0,0.0;
0.0,0.0;
0.0,0.0;
0.0,0.0;
0.0,0.0;
0.0,0.0;
0.0,0.0;
0.0,0.0;
0.0,0.0;
0.0,0.0;
0.0,0.0;
0.0,0.0;
0.0,0.0;
0.0,0.0;
0.0,0.0;
0.0,0.0;
0.0,0.0;
0.0,0.0;
0.0,0.0;
0.0,0.0;
0.0,0.0;
0.0,0.0;
0.0,0.0;
0.0,0.0;
0.0,0.0;
0.0,0.0;
0.0,0.0;
0.0,0.0;
0.0,0.0;
0.0,0.0;
0.0,0.0;
0.0,0.0;
0.0,0.0;
0.0,0.0;
0.0,0.0;
0.0,0.0;
0.0,0.0;
0.0,0.0;
0.0,0.0;
0.0,0.0;
0.0,0.0;
0.0,0.0;
0.0,0.0;
0.0,0.0;
0.0,0.0;
0.0,0.0;
0.0,0.0;
0.0,0.0;
0.0,0.0;
0.0,0.0;
0.0,0.0;
0.0,0.0;
0.0,0.0;
0.0,0.0;
0.0,0.0;
0.0,0.0;
0.0,0.0;
0.0,0.0;
0.0,0.0;
0.0,0.0;
0.0,0.0;
0.0,0.0;
0.0,0.0;
0.0,0.0;
0.0,0.0;
0.0,0.0;
0.0,0.0;
0.0,0.0;
0.0,0.0;
0.0,0.0;
0.0,0.0;
0.0,0.0;
0.0,0.0;
0.0,0.0;
0.0,0.0;
0.0,0.0;
0.0,0.0;
0.0,0.0;
0.0,0.0;
0.0,0.0;
0.0,0.0;
0.0,0.0;
0.0,0.0;
0.0,0.0;
0.0,0.0;
0.0,0.0;
0.0,0.0;
0.0,0.0;
0.0,0.0;
0.0,0.0;
0.0,0.0;
0.0,0.0;
0.0,0.0;
0.0,0.0;
0.0,0.0;
0.0,0.0;
0.0,0.0;
0.0,0.0;
0.0,0.0;
0.0,0.0;
0.0,0.0;
0.0,0.0;
0.0,0.0;
0.0,0.0;
0.0,0.0;
0.0,0.0;
0.0,0.0;
0.0,0.0;
0.0,0.0;
0.0,0.0;
0.0,0.0;
0.0,0.0;
0.0,0.0;
0.0,0.0;
0.0,0.0;
0.0,0.0;
0.0,0.0;
0.0,0.0;
0.0,0.0;
-66.0479767786,-1260.27047286;
-43.0659789309,-1233.24828054;
0.0,0.0;
0.0,0.0;
0.0,0.0;
0.0,0.0;
0.0,0.0;
0.0,0.0;
0.0,0.0;
0.0,0.0;
0.0,0.0;
0.0,0.0;
0.0,0.0;
0.0,0.0;
0.0,0.0;
0.0,0.0;
0.0,0.0;
0.0,0.0;
0.0,0.0;
0.0,0.0;
0.0,0.0;
0.0,0.0;
0.0,0.0;
0.0,0.0;
0.0,0.0;
0.0,0.0;
0.0,0.0;
0.0,0.0;
0.0,0.0;
0.0,0.0;
0.0,0.0;
0.0,0.0;
0.0,0.0;
0.0,0.0;
0.0,0.0;
0.0,0.0;
0.0,0.0;
0.0,0.0;
0.0,0.0;
0.0,0.0;
0.0,0.0;
0.0,0.0;
0.0,0.0;
0.0,0.0;
0.0,0.0;
0.0,0.0;
0.0,0.0;
0.0,0.0;
0.0,0.0;
0.0,0.0;
0.0,0.0;
0.0,0.0;
0.0,0.0;
893.207820677,-749.490352895;
886.723542022,-718.054566188;
0.0,0.0;
0.0,0.0;
0.0,0.0;
0.0,0.0;
0.0,0.0;
0.0,0.0;
0.0,0.0;
0.0,0.0;
0.0,0.0;
0.0,0.0;
0.0,0.0;
0.0,0.0;
0.0,0.0;
0.0,0.0;
0.0,0.0;
0.0,0.0;
0.0,0.0;
0.0,0.0;
0.0,0.0;
0.0,0.0;
0.0,0.0;
0.0,0.0;
0.0,0.0;
0.0,0.0;
0.0,0.0;
0.0,0.0;
0.0,0.0;
0.0,0.0;
0.0,0.0;
0.0,0.0;
0.0,0.0;
0.0,0.0;
0.0,0.0;
0.0,0.0;
0.0,0.0;
0.0,0.0;
0.0,0.0;
0.0,0.0;
