0.0,0.0;
0.0,0.0;
0.0,0.0;
0.0,0.0;
0.0,0.0;
0.0,0.0;
0.0,0.0;
0.0,0.0;
0.0,0.0;
0.0,0.0;
0.0,0.0;
0.0,0.0;
0.0,0.0;
0.0,0.0;
0.0,0.0;
0.0,0.0;
0.0,0.0;
0.0,0.0;
0.0,0.0;
0.0,0.0;
0.0,0.0;
1217.38887615,467.311806207;
0.0,0.0;
1158.9156105,491.930490768;
0.0,0.0;
1151.91719732,537.147810672;
0.0,0.0;
1142.27036401,582.015820666;
0.0,0.0;
0.0,0.0;
0.0,0.0;
0.0,0.0;
0.0,0.0;
0.0,0.0;
0.0,0.0;
0.0,0.0;
0.0,0.0;
0.0,0.0;
0.0,0.0;
0.0,0.0;
0.0,0.0;
0.0,0.0;
0.0,0.0;
0.0,0.0;
0.0,0.0;
0.0,0.0;
0.0,0.0;
0.0,0.0;
0.0,0.0;
0.0,0.0;
0.0,0.0;
0.0,0.0;
0.0,0.0;
0.0,0.0;
0.0,0.0;
0.0,0.0;
0.0,0.0;
0.0,0.0;
0.0,0.0;
0.0,0.0;
0.0,0.0;
0.0,0.0;
0.0,0.0;
0.0,0.0;
0.0,0.0;
0.0,0.0;
0.0,0.0;
0.0,0.0;
0.0,0.0;
0.0,0.0;
0.0,0.0;
491.933481385,1428.67856773;
0.0,0.0;
438.849928789,1435.4134387;
0.0,0.0;
393.404948556,1468.20725596;
0.0,0.0;
325.279224581,1408.93911368;
0.0,0.0;
0.0,0.0;
0.0,0.0;
0.0,0.0;
0.0,0.0;
0.0,0.0;
0.0,0.0;
0.0,0.0;
0.0,0.0;
77.7188950208,1482.96485911;
0.0,0.0;
25.3234417405,1450.77900567;
0.0,0.0;
0.0,0.0;
0.0,0.0;
0.0,0.0;
0.0,0.0;
0.0,0.0;
0.0,0.0;
0.0,0.0;
0.0,0.0;
0.0,0.0;
0.0,0.0;
0.0,0.0;
0.0,0.0;
0.0,0.0;
0.0,0.0;
0.0,0.0;
0.0,0.0;
0.0,0.0;
0.0,0.0;
0.0,0.0;
0.0,0.0;
0.0,0.0;
0.0,0.0;
0.0,0.0;
0.0,0.0;
0.0,0.0;
0.0,0.0;
0.0,0.0;
0.0,0.0;
0.0,0.0;
0.0,0.0;
0.0,0.0;
0.0,0.0;
0.0,0.0;
0.0,0.0;
0.0,0.0;
0.0,0.0;
0.0,0.0;
0.0,0.0;
0.0,0.0;
0.0,0.0;
0.0,0.0;
0.0,0.0;
0.0,0.0;
0.0,0.0;
0.0,0.0;
0.0,0.0;
0.0,0.0;
0.0,0.0;
0.0,0.0;
0.0,0.0;
0.0,0.0;
0.0,0.0;
0.0,0.0;
0.0,0.0;
0.0,0.0;
0.0,0.0;
0.0,0.0;
0.0,0.0;
0.0,0.0;
0.0,0.0;
0.0,0.0;
0.0,0.0;
0.0,0.0;
0.0,0.0;
0.0,0.0;
0.0,0.0;
0.0,0.0;
0.0,0.0;
0.0,0.0;
0.0,0.0;
0.0,0.0;
0.0,0.0;
0.0,0.0;
0.0,0.0;
0.0,0.0;
0.0,0.0;
0.0,0.0;
0.0,0.0;
0.0,0.0;
0.0,0.0;
0.0,0.0;
0.0,0.0;
0.0,0.0;
0.0,0.0;
0.0,0.0;
0.0,0.0;
0.0,0.0;
0.0,0.0;
0.0,0.0;
0.0,0.0;
0.0,0.0;
0.0,0.0;
0.0,0.0;
0.0,0.0;
0.0,0.0;
0.0,0.0;
0.0,0.0;
0.0,0.0;
0.0,0.0;
0.0,0.0;
-1522.50376153,-295.944751829;
0.0,0.0;
-1539.50470236,-355.422665863;
0.0,0.0;
0.0,0.0;
0.0,0.0;
0.0,0.0;
0.0,0.0;
0.0,0.0;
0.0,0.0;
0.0,0.0;
0.0,0.0;
0.0,0.0;
0.0,0.0;
0.0,0.0;
0.0,0.0;
0.0,0.0;
0.0,0.0;
0.0,0.0;
0.0,0.0;
0.0,0.0;
0.0,0.0;
0.0,0.0;
0.0,0.0;
0.0,0.0;
0.0,0.0;
0.0,0.0;
0.0,0.0;
0.0,0.0;
0.0,0.0;
0.0,0.0;
0.0,0.0;
0.0,0.0;
0.0,0.0;
0.0,0.0;
0.0,0.0;
0.0,0.0;
0.0,0.0;
0.0,0.0;
0.0,0.0;
0.0,0.0;
0.0,0.0;
0.0,0.0;
0.0,0.0;
0.0,0.0;
0.0,0.0;
0.0,0.0;
0.0,0.0;
0.0,0.0;
0.0,0.0;
0.0,0.0;
0.0,0.0;
-778.139716554,-1527.18518246;
0.0,0.0;
0.0,0.0;
0.0,0.0;
0.0,0.0;
0.0,0.0;
0.0,0.0;
0.0,0.0;
0.0,0.0;
0.0,0.0;
0.0,0.0;
0.0,0.0;
0.0,0.0;
0.0,0.0;
0.0,0.0;
0.0,0.0;
0.0,0.0;
0.0,0.0;
0.0,0.0;
0.0,0.0;
0.0,0.0;
0.0,0.0;
0.0,0.0;
0.0,0.0;
0.0,0.0;
0.0,0.0;
0.0,0.0;
0.0,0.0;
0.0,0.0;
0.0,0.0;
13.1886609732,-251.654642758;
0.0,0.0;
22.0504029152,-252.037258617;
0.0,0.0;
149.777423045,-1219.83922037;
0.0,0.0;
186.626316793,-1178.31219033;
0.0,0.0;
0.0,0.0;
0.0,0.0;
0.0,0.0;
0.0,0.0;
0.0,0.0;
0.0,0.0;
0.0,0.0;
0.0,0.0;
5533.68192131,-16070.9792295;
0.0,0.0;
0.0,0.0;
0.0,0.0;
0.0,0.0;
0.0,0.0;
0.0,0.0;
0.0,0.0;
0.0,0.0;
0.0,0.0;
0.0,0.0;
0.0,0.0;
0.0,0.0;
0.0,0.0;
226.025199531,-348.048285697;
0.0,0.0;
237.460644649,-339.128946336;
0.0,0.0;
0.0,0.0;
0.0,0.0;
0.0,0.0;
0.0,0.0;
0.0,0.0;
0.0,0.0;
0.0,0.0;
0.0,0.0;
0.0,0.0;
0.0,0.0;
0.0,0.0;
0.0,0.0;
0.0,0.0;
0.0,0.0;
0.0,0.0;
0.0,0.0;
0.0,0.0;
0.0,0.0;
0.0,0.0;
0.0,0.0;
0.0,0.0;
0.0,0.0;
0.0,0.0;
0.0,0.0;
0.0,0.0;
0.0,0.0;
0.0,0.0;
0.0,0.0;
0.0,0.0;
0.0,0.0;
0.0,0.0;
0.0,0.0;
0.0,0.0;
0.0,0.0;
0.0,0.0;
0.0,0.0;
1234.58943995,-377.451870797;
0.0,0.0;
0.0,0.0;
0.0,0.0;
0.0,0.0;
0.0,0.0;
0.0,0.0;
0.0,0.0;
0.0,0.0;
0.0,0.0;
0.0,0.0;
0.0,0.0;
0.0,0.0;
0.0,0.0;
0.0,0.0;
0.0,0.0;
0.0,0.0;
0.0,0.0;
0.0,0.0;
0.0,0.0;
0.0,0.0;
0.0,0.0;
0.0,0.0;
0.0,0.0;
0.0,0.0;
0.0,0.0;
0.0,0.0;
0.0,0.0;
0.0,0.0;
0.0,0.0;
0.0,0.0;
0.0,0.0;
0.0,0.0;
0.0,0.0;
0.0,0.0;
0.0,0.0;
0.0,0.0;
0.0,0.0;
0.0,0.0;
0.0,0.0;
1167.20015418,495.447070924;
0.0,0.0;
1147.38565839,535.034719364;
0.0,0.0;
1130.6872792,576.113944169;
0.0,0.0;
0.0,0.0;
0.0,0.0;
0.0,0.0;
0.0,0.0;
0.0,0.0;
0.0,0.0;
0.0,0.0;
0.0,0.0;
0.0,0.0;
0.0,0.0;
0.0,0.0;
0.0,0.0;
0.0,0.0;
0.0,0.0;
0.0,0.0;
0.0,0.0;
0.0,0.0;
0.0,0.0;
0.0,0.0;
0.0,0.0;
0.0,0.0;
0.0,0.0;
0.0,0.0;
0.0,0.0;
0.0,0.0;
0.0,0.0;
0.0,0.0;
0.0,0.0;
0.0,0.0;
0.0,0.0;
0.0,0.0;
0.0,0.0;
0.0,0.0;
0.0,0.0;
0.0,0.0;
0.0,0.0;
0.0,0.0;
0.0,0.0;
0.0,0.0;
0.0,0.0;
0.0,0.0;
0.0,0.0;
503.653934945,1462.71723645;
0.0,0.0;
0.0,0.0;
0.0,0.0;
382.016910571,1425.7065196;
0.0,0.0;
338.101434679,1464.47820737;
0.0,0.0;
0.0,0.0;
0.0,0.0;
0.0,0.0;
0.0,0.0;
0.0,0.0;
0.0,0.0;
0.0,0.0;
0.0,0.0;
76.9861916334,1468.98404562;
0.0,0.0;
25.3757989598,1453.77854876;
0.0,0.0;
0.0,0.0;
0.0,0.0;
0.0,0.0;
0.0,0.0;
0.0,0.0;
0.0,0.0;
0.0,0.0;
0.0,0.0;
0.0,0.0;
0.0,0.0;
0.0,0.0;
0.0,0.0;
0.0,0.0;
0.0,0.0;
0.0,0.0;
0.0,0.0;
0.0,0.0;
0.0,0.0;
0.0,0.0;
0.0,0.0;
0.0,0.0;
0.0,0.0;
0.0,0.0;
0.0,0.0;
0.0,0.0;
0.0,0.0;
0.0,0.0;
0.0,0.0;
0.0,0.0;
0.0,0.0;
0.0,0.0;
0.0,0.0;
0.0,0.0;
0.0,0.0;
0.0,0.0;
0.0,0.0;
0.0,0.0;
0.0,0.0;
0.0,0.0;
0.0,0.0;
0.0,0.0;
0.0,0.0;
0.0,0.0;
0.0,0.0;
0.0,0.0;
0.0,0.0;
0.0,0.0;
0.0,0.0;
0.0,0.0;
0.0,0.0;
0.0,0.0;
0.0,0.0;
0.0,0.0;
0.0,0.0;
0.0,0.0;
0.0,0.0;
0.0,0.0;
0.0,0.0;
0.0,0.0;
0.0,0.0;
0.0,0.0;
0.0,0.0;
0.0,0.0;
0.0,0.0;
0.0,0.0;
0.0,0.0;
0.0,0.0;
0.0,0.0;
0.0,0.0;
0.0,0.0;
0.0,0.0;
0.0,0.0;
0.0,0.0;
0.0,0.0;
0.0,0.0;
0.0,0.0;
0.0,0.0;
0.0,0.0;
0.0,0.0;
0.0,0.0;
0.0,0.0;
0.0,0.0;
0.0,0.0;
0.0,0.0;
0.0,0.0;
0.0,0.0;
0.0,0.0;
0.0,0.0;
0.0,0.0;
0.0,0.0;
0.0,0.0;
0.0,0.0;
0.0,0.0;
0.0,0.0;
0.0,0.0;
0.0,0.0;
0.0,0.0;
0.0,0.0;
0.0,0.0;
0.0,0.0;
-1487.16518292,-289.075627995;
0.0,0.0;
0.0,0.0;
0.0,0.0;
0.0,0.0;
0.0,0.0;
0.0,0.0;
0.0,0.0;
0.0,0.0;
0.0,0.0;
0.0,0.0;
0.0,0.0;
0.0,0.0;
0.0,0.0;
0.0,0.0;
0.0,0.0;
0.0,0.0;
0.0,0.0;
0.0,0.0;
0.0,0.0;
0.0,0.0;
0.0,0.0;
0.0,0.0;
0.0,0.0;
0.0,0.0;
0.0,0.0;
0.0,0.0;
0.0,0.0;
0.0,0.0;
0.0,0.0;
0.0,0.0;
0.0,0.0;
0.0,0.0;
0.0,0.0;
0.0,0.0;
0.0,0.0;
0.0,0.0;
0.0,0.0;
0.0,0.0;
0.0,0.0;
0.0,0.0;
0.0,0.0;
0.0,0.0;
0.0,0.0;
0.0,0.0;
0.0,0.0;
0.0,0.0;
0.0,0.0;
0.0,0.0;
0.0,0.0;
0.0,0.0;
0.0,0.0;
-789.035488547,-1548.56933904;
0.0,0.0;
0.0,0.0;
0.0,0.0;
0.0,0.0;
0.0,0.0;
0.0,0.0;
0.0,0.0;
0.0,0.0;
0.0,0.0;
0.0,0.0;
0.0,0.0;
0.0,0.0;
0.0,0.0;
0.0,0.0;
0.0,0.0;
0.0,0.0;
0.0,0.0;
0.0,0.0;
0.0,0.0;
0.0,0.0;
0.0,0.0;
0.0,0.0;
0.0,0.0;
0.0,0.0;
0.0,0.0;
0.0,0.0;
0.0,0.0;
0.0,0.0;
0.0,0.0;
13.136325017,-250.656013223;
0.0,0.0;
22.0504029152,-252.037258617;
0.0,0.0;
149.289945671,-1215.86903576;
0.0,0.0;
186.313447863,-1176.33681365;
0.0,0.0;
0.0,0.0;
0.0,0.0;
0.0,0.0;
0.0,0.0;
0.0,0.0;
0.0,0.0;
0.0,0.0;
0.0,0.0;
199.247710528,-578.657368267;
0.0,0.0;
0.0,0.0;
0.0,0.0;
0.0,0.0;
0.0,0.0;
0.0,0.0;
0.0,0.0;
0.0,0.0;
0.0,0.0;
0.0,0.0;
0.0,0.0;
0.0,0.0;
0.0,0.0;
226.569838566,-348.886956265;
0.0,0.0;
237.460644649,-339.128946336;
0.0,0.0;
0.0,0.0;
0.0,0.0;
0.0,0.0;
0.0,0.0;
0.0,0.0;
0.0,0.0;
0.0,0.0;
0.0,0.0;
0.0,0.0;
0.0,0.0;
0.0,0.0;
0.0,0.0;
0.0,0.0;
0.0,0.0;
0.0,0.0;
0.0,0.0;
0.0,0.0;
0.0,0.0;
0.0,0.0;
0.0,0.0;
0.0,0.0;
0.0,0.0;
0.0,0.0;
0.0,0.0;
0.0,0.0;
0.0,0.0;
0.0,0.0;
0.0,0.0;
0.0,0.0;
0.0,0.0;
0.0,0.0;
0.0,0.0;
0.0,0.0;
0.0,0.0;
0.0,0.0;
0.0,0.0;
1250.8466208,-382.422189777;
0.0,0.0;
0.0,0.0;
0.0,0.0;
0.0,0.0;
0.0,0.0;
0.0,0.0;
0.0,0.0;
0.0,0.0;
0.0,0.0;
0.0,0.0;
0.0,0.0;
0.0,0.0;
0.0,0.0;
0.0,0.0;
0.0,0.0;
0.0,0.0;
0.0,0.0;
2942.55176685,51.3624321449;
2941.20720392,102.709218795;
0.0,0.0;
0.0,0.0;
0.0,0.0;
0.0,0.0;
0.0,0.0;
0.0,0.0;
0.0,0.0;
0.0,0.0;
0.0,0.0;
0.0,0.0;
0.0,0.0;
0.0,0.0;
0.0,0.0;
0.0,0.0;
0.0,0.0;
0.0,0.0;
0.0,0.0;
1260.12780447,458.6490122;
1213.65455445,465.878334409;
1157.1254505,467.509028583;
1155.23359108,490.367566254;
1152.89436754,513.301643562;
1145.57304281,534.18948284;
0.0,0.0;
1146.72539663,584.285773165;
0.0,0.0;
0.0,0.0;
0.0,0.0;
0.0,0.0;
0.0,0.0;
0.0,0.0;
0.0,0.0;
0.0,0.0;
0.0,0.0;
0.0,0.0;
0.0,0.0;
0.0,0.0;
0.0,0.0;
0.0,0.0;
0.0,0.0;
0.0,0.0;
0.0,0.0;
0.0,0.0;
0.0,0.0;
0.0,0.0;
0.0,0.0;
0.0,0.0;
0.0,0.0;
0.0,0.0;
0.0,0.0;
0.0,0.0;
0.0,0.0;
0.0,0.0;
0.0,0.0;
0.0,0.0;
0.0,0.0;
0.0,0.0;
0.0,0.0;
0.0,0.0;
0.0,0.0;
0.0,0.0;
0.0,0.0;
0.0,0.0;
0.0,0.0;
0.0,0.0;
0.0,0.0;
0.0,0.0;
514.398295562,1413.29770166;
492.910185848,1431.51512346;
472.796001394,1455.11646993;
431.540636171,1411.5058198;
413.18039637,1440.93128221;
393.404948556,1468.20725596;
353.447889471,1417.60205609;
334.052315701,1446.93954621;
307.293479029,1445.70215388;
0.0,0.0;
0.0,0.0;
0.0,0.0;
0.0,0.0;
0.0,0.0;
0.0,0.0;
0.0,0.0;
0.0,0.0;
76.9861916334,1468.98404562;
50.7438682054,1453.11426249;
25.2187273019,1444.7799195;
8.84807312384e-14,1445.0;
0.0,0.0;
0.0,0.0;
0.0,0.0;
0.0,0.0;
0.0,0.0;
0.0,0.0;
0.0,0.0;
0.0,0.0;
0.0,0.0;
0.0,0.0;
0.0,0.0;
0.0,0.0;
0.0,0.0;
0.0,0.0;
0.0,0.0;
0.0,0.0;
0.0,0.0;
0.0,0.0;
0.0,0.0;
0.0,0.0;
0.0,0.0;
0.0,0.0;
0.0,0.0;
0.0,0.0;
0.0,0.0;
0.0,0.0;
0.0,0.0;
0.0,0.0;
0.0,0.0;
0.0,0.0;
0.0,0.0;
0.0,0.0;
0.0,0.0;
0.0,0.0;
0.0,0.0;
0.0,0.0;
0.0,0.0;
0.0,0.0;
0.0,0.0;
0.0,0.0;
0.0,0.0;
0.0,0.0;
0.0,0.0;
0.0,0.0;
0.0,0.0;
0.0,0.0;
0.0,0.0;
0.0,0.0;
0.0,0.0;
0.0,0.0;
0.0,0.0;
0.0,0.0;
0.0,0.0;
0.0,0.0;
0.0,0.0;
0.0,0.0;
0.0,0.0;
0.0,0.0;
0.0,0.0;
0.0,0.0;
0.0,0.0;
0.0,0.0;
0.0,0.0;
0.0,0.0;
0.0,0.0;
0.0,0.0;
0.0,0.0;
0.0,0.0;
0.0,0.0;
0.0,0.0;
0.0,0.0;
0.0,0.0;
0.0,0.0;
0.0,0.0;
0.0,0.0;
0.0,0.0;
0.0,0.0;
0.0,0.0;
0.0,0.0;
0.0,0.0;
0.0,0.0;
0.0,0.0;
0.0,0.0;
0.0,0.0;
0.0,0.0;
0.0,0.0;
0.0,0.0;
0.0,0.0;
0.0,0.0;
0.0,0.0;
0.0,0.0;
0.0,0.0;
0.0,0.0;
0.0,0.0;
0.0,0.0;
0.0,0.0;
0.0,0.0;
0.0,0.0;
0.0,0.0;
-1548.11778774,-272.974935292;
-1527.41189744,-296.898796806;
-1507.32545273,-320.39191555;
0.0,0.0;
0.0,0.0;
0.0,0.0;
0.0,0.0;
0.0,0.0;
0.0,0.0;
0.0,0.0;
0.0,0.0;
0.0,0.0;
0.0,0.0;
0.0,0.0;
0.0,0.0;
0.0,0.0;
0.0,0.0;
-1530.74920856,-779.955678553;
0.0,0.0;
-1514.84133277,-839.690262267;
0.0,0.0;
0.0,0.0;
0.0,0.0;
0.0,0.0;
0.0,0.0;
0.0,0.0;
0.0,0.0;
0.0,0.0;
0.0,0.0;
0.0,0.0;
0.0,0.0;
0.0,0.0;
0.0,0.0;
0.0,0.0;
0.0,0.0;
0.0,0.0;
0.0,0.0;
0.0,0.0;
0.0,0.0;
0.0,0.0;
0.0,0.0;
0.0,0.0;
0.0,0.0;
0.0,0.0;
0.0,0.0;
0.0,0.0;
0.0,0.0;
0.0,0.0;
0.0,0.0;
0.0,0.0;
0.0,0.0;
0.0,0.0;
0.0,0.0;
-786.765536049,-1544.11430642;
0.0,0.0;
0.0,0.0;
0.0,0.0;
0.0,0.0;
0.0,0.0;
0.0,0.0;
0.0,0.0;
0.0,0.0;
0.0,0.0;
0.0,0.0;
0.0,0.0;
0.0,0.0;
0.0,0.0;
0.0,0.0;
0.0,0.0;
0.0,0.0;
0.0,0.0;
0.0,0.0;
0.0,0.0;
0.0,0.0;
0.0,0.0;
0.0,0.0;
0.0,0.0;
0.0,0.0;
0.0,0.0;
0.0,0.0;
0.0,0.0;
0.0,0.0;
8.86447216244,-253.845270063;
13.1886609732,-251.654642758;
17.5088749098,-250.388576615;
22.0504029152,-252.037258617;
1739.24910031,-16547.849817;
149.046206984,-1213.88394346;
166.868548051,-1187.33141442;
186.939185723,-1180.28756701;
205.946738713,-1167.98199507;
0.0,0.0;
0.0,0.0;
0.0,0.0;
0.0,0.0;
0.0,0.0;
0.0,0.0;
0.0,0.0;
0.0,0.0;
199.573278682,-579.602886842;
211.026428432,-579.790347025;
0.0,0.0;
0.0,0.0;
0.0,0.0;
0.0,0.0;
0.0,0.0;
0.0,0.0;
0.0,0.0;
0.0,0.0;
0.0,0.0;
0.0,0.0;
0.0,0.0;
0.0,0.0;
226.025199531,-348.048285697;
0.0,0.0;
237.460644649,-339.128946336;
0.0,0.0;
0.0,0.0;
0.0,0.0;
0.0,0.0;
0.0,0.0;
0.0,0.0;
0.0,0.0;
0.0,0.0;
0.0,0.0;
0.0,0.0;
0.0,0.0;
0.0,0.0;
0.0,0.0;
0.0,0.0;
0.0,0.0;
0.0,0.0;
0.0,0.0;
0.0,0.0;
0.0,0.0;
0.0,0.0;
0.0,0.0;
0.0,0.0;
0.0,0.0;
0.0,0.0;
0.0,0.0;
0.0,0.0;
0.0,0.0;
0.0,0.0;
0.0,0.0;
0.0,0.0;
0.0,0.0;
0.0,0.0;
0.0,0.0;
0.0,0.0;
0.0,0.0;
1243.35692691,-428.122123111;
1209.74388873,-393.069616845;
1241.28357324,-379.49847273;
0.0,0.0;
0.0,0.0;
0.0,0.0;
0.0,0.0;
0.0,0.0;
0.0,0.0;
0.0,0.0;
0.0,0.0;
0.0,0.0;
0.0,0.0;
0.0,0.0;
0.0,0.0;
0.0,0.0;
0.0,0.0;
0.0,0.0;
0.0,0.0;
0.0,0.0;
2951.5503961,51.5195038029;
0.0,0.0;
0.0,0.0;
0.0,0.0;
0.0,0.0;
0.0,0.0;
0.0,0.0;
0.0,0.0;
0.0,0.0;
0.0,0.0;
0.0,0.0;
0.0,0.0;
0.0,0.0;
0.0,0.0;
0.0,0.0;
0.0,0.0;
0.0,0.0;
0.0,0.0;
0.0,0.0;
0.0,0.0;
1208.05307189,463.728126712;
0.0,0.0;
1153.39258138,489.586103997;
1163.85691304,518.182483279;
1131.97842601,527.850208914;
0.0,0.0;
1149.3984162,585.647744664;
0.0,0.0;
0.0,0.0;
0.0,0.0;
0.0,0.0;
0.0,0.0;
0.0,0.0;
0.0,0.0;
0.0,0.0;
0.0,0.0;
0.0,0.0;
0.0,0.0;
0.0,0.0;
0.0,0.0;
0.0,0.0;
0.0,0.0;
0.0,0.0;
0.0,0.0;
0.0,0.0;
0.0,0.0;
0.0,0.0;
0.0,0.0;
0.0,0.0;
0.0,0.0;
0.0,0.0;
0.0,0.0;
0.0,0.0;
0.0,0.0;
0.0,0.0;
0.0,0.0;
0.0,0.0;
0.0,0.0;
0.0,0.0;
0.0,0.0;
0.0,0.0;
0.0,0.0;
0.0,0.0;
0.0,0.0;
0.0,0.0;
0.0,0.0;
0.0,0.0;
0.0,0.0;
0.0,0.0;
527.053040865,1448.06632863;
0.0,0.0;
476.813222321,1467.48020464;
452.299027206,1479.40345747;
420.622604977,1466.885348;
389.781481924,1454.68429439;
364.092452878,1460.29506805;
339.226189951,1469.3500577;
310.620066082,1461.3525155;
0.0,0.0;
0.0,0.0;
0.0,0.0;
0.0,0.0;
0.0,0.0;
0.0,0.0;
0.0,0.0;
0.0,0.0;
77.6665590645,1481.96622958;
50.9881646824,1460.10999827;
25.2710845212,1447.77946259;
8.72560844392e-14,1425.0;
0.0,0.0;
0.0,0.0;
0.0,0.0;
0.0,0.0;
0.0,0.0;
0.0,0.0;
0.0,0.0;
0.0,0.0;
0.0,0.0;
0.0,0.0;
0.0,0.0;
0.0,0.0;
0.0,0.0;
0.0,0.0;
0.0,0.0;
0.0,0.0;
0.0,0.0;
0.0,0.0;
0.0,0.0;
0.0,0.0;
0.0,0.0;
0.0,0.0;
0.0,0.0;
0.0,0.0;
0.0,0.0;
0.0,0.0;
0.0,0.0;
0.0,0.0;
0.0,0.0;
0.0,0.0;
0.0,0.0;
0.0,0.0;
0.0,0.0;
0.0,0.0;
0.0,0.0;
0.0,0.0;
0.0,0.0;
0.0,0.0;
0.0,0.0;
0.0,0.0;
0.0,0.0;
0.0,0.0;
0.0,0.0;
0.0,0.0;
0.0,0.0;
0.0,0.0;
0.0,0.0;
0.0,0.0;
0.0,0.0;
0.0,0.0;
0.0,0.0;
0.0,0.0;
0.0,0.0;
0.0,0.0;
0.0,0.0;
0.0,0.0;
0.0,0.0;
0.0,0.0;
0.0,0.0;
0.0,0.0;
0.0,0.0;
0.0,0.0;
0.0,0.0;
0.0,0.0;
0.0,0.0;
0.0,0.0;
0.0,0.0;
0.0,0.0;
0.0,0.0;
0.0,0.0;
0.0,0.0;
0.0,0.0;
0.0,0.0;
0.0,0.0;
0.0,0.0;
0.0,0.0;
0.0,0.0;
0.0,0.0;
0.0,0.0;
0.0,0.0;
0.0,0.0;
0.0,0.0;
0.0,0.0;
0.0,0.0;
0.0,0.0;
0.0,0.0;
0.0,0.0;
0.0,0.0;
0.0,0.0;
0.0,0.0;
0.0,0.0;
0.0,0.0;
0.0,0.0;
0.0,0.0;
0.0,0.0;
0.0,0.0;
0.0,0.0;
0.0,0.0;
0.0,0.0;
-1549.10259549,-273.14858347;
0.0,0.0;
-1545.47320916,-328.500471492;
-1533.65848197,-354.072959537;
-1502.01778428,-374.495094388;
0.0,0.0;
0.0,0.0;
0.0,0.0;
0.0,0.0;
0.0,0.0;
0.0,0.0;
0.0,0.0;
0.0,0.0;
0.0,0.0;
0.0,0.0;
0.0,0.0;
0.0,0.0;
0.0,0.0;
0.0,0.0;
0.0,0.0;
0.0,0.0;
0.0,0.0;
0.0,0.0;
0.0,0.0;
0.0,0.0;
0.0,0.0;
0.0,0.0;
0.0,0.0;
0.0,0.0;
0.0,0.0;
0.0,0.0;
0.0,0.0;
0.0,0.0;
0.0,0.0;
0.0,0.0;
0.0,0.0;
0.0,0.0;
0.0,0.0;
0.0,0.0;
0.0,0.0;
0.0,0.0;
0.0,0.0;
0.0,0.0;
0.0,0.0;
0.0,0.0;
0.0,0.0;
0.0,0.0;
0.0,0.0;
0.0,0.0;
0.0,0.0;
0.0,0.0;
0.0,0.0;
-815.002632996,-1532.7970212;
0.0,0.0;
0.0,0.0;
0.0,0.0;
0.0,0.0;
0.0,0.0;
0.0,0.0;
0.0,0.0;
0.0,0.0;
0.0,0.0;
0.0,0.0;
0.0,0.0;
0.0,0.0;
0.0,0.0;
0.0,0.0;
0.0,0.0;
0.0,0.0;
0.0,0.0;
0.0,0.0;
0.0,0.0;
0.0,0.0;
0.0,0.0;
0.0,0.0;
0.0,0.0;
0.0,0.0;
0.0,0.0;
0.0,0.0;
0.0,0.0;
0.0,0.0;
0.0,0.0;
8.86447216244,-253.845270063;
0.0,0.0;
17.5088749098,-250.388576615;
22.0504029152,-252.037258617;
1739.35362877,-16548.8443389;
150.386769762,-1224.80195113;
166.590201849,-1185.35087828;
186.157013398,-1175.34912531;
205.773090535,-1166.99718732;
0.0,0.0;
0.0,0.0;
0.0,0.0;
0.0,0.0;
0.0,0.0;
0.0,0.0;
0.0,0.0;
0.0,0.0;
199.898846837,-580.548405418;
211.026428432,-579.790347025;
0.0,0.0;
0.0,0.0;
0.0,0.0;
0.0,0.0;
0.0,0.0;
0.0,0.0;
0.0,0.0;
0.0,0.0;
0.0,0.0;
0.0,0.0;
0.0,0.0;
0.0,0.0;
226.569838566,-348.886956265;
230.38747623,-341.563479893;
237.460644649,-339.128946336;
0.0,0.0;
0.0,0.0;
0.0,0.0;
0.0,0.0;
0.0,0.0;
0.0,0.0;
0.0,0.0;
0.0,0.0;
0.0,0.0;
0.0,0.0;
0.0,0.0;
0.0,0.0;
0.0,0.0;
0.0,0.0;
0.0,0.0;
0.0,0.0;
0.0,0.0;
0.0,0.0;
0.0,0.0;
0.0,0.0;
0.0,0.0;
0.0,0.0;
0.0,0.0;
0.0,0.0;
0.0,0.0;
0.0,0.0;
0.0,0.0;
0.0,0.0;
0.0,0.0;
0.0,0.0;
0.0,0.0;
0.0,0.0;
0.0,0.0;
0.0,0.0;
0.0,0.0;
1220.6644811,-420.308487404;
1221.15656692,-396.777820777;
1228.85161141,-375.697640569;
0.0,0.0;
0.0,0.0;
0.0,0.0;
0.0,0.0;
0.0,0.0;
0.0,0.0;
0.0,0.0;
0.0,0.0;
0.0,0.0;
0.0,0.0;
0.0,0.0;
0.0,0.0;
0.0,0.0;
0.0,0.0;
0.0,0.0;
0.0,0.0;
