2594.0,0.0;
0.0,0.0;
0.0,0.0;
0.0,0.0;
0.0,0.0;
0.0,0.0;
0.0,0.0;
0.0,0.0;
0.0,0.0;
0.0,0.0;
0.0,0.0;
0.0,0.0;
0.0,0.0;
0.0,0.0;
0.0,0.0;
0.0,0.0;
0.0,0.0;
0.0,0.0;
0.0,0.0;
0.0,0.0;
0.0,0.0;
1073.61749047,412.123141977;
1043.08183639,421.432417593;
995.065746582,422.380349897;
963.790457813,429.107158445;
932.590712861,434.874191331;
898.794046299,438.371146789;
870.513374132,443.548718246;
835.268422845,444.120098395;
0.0,0.0;
0.0,0.0;
0.0,0.0;
0.0,0.0;
0.0,0.0;
0.0,0.0;
776.556137986,543.750461661;
779.892382577,566.62498321;
773.079173726,582.556942411;
0.0,0.0;
0.0,0.0;
0.0,0.0;
0.0,0.0;
0.0,0.0;
762.070557087,710.642291185;
766.816227161,740.505822909;
768.62507115,768.62507115;
760.650915653,787.677081371;
772.022143591,827.892390233;
764.147152462,848.671390695;
770.213300035,886.029047182;
767.488405966,914.657065084;
770.917479036,952.003802785;
764.651552354,978.70935598;
767.915969542,1019.05891082;
0.0,0.0;
0.0,0.0;
0.0,0.0;
0.0,0.0;
0.0,0.0;
0.0,0.0;
0.0,0.0;
0.0,0.0;
0.0,0.0;
0.0,0.0;
0.0,0.0;
0.0,0.0;
0.0,0.0;
0.0,0.0;
0.0,0.0;
0.0,0.0;
0.0,0.0;
0.0,0.0;
473.723052377,1457.96963948;
437.972813675,1432.54452443;
0.0,0.0;
389.781481924,1454.68429439;
362.398999608,1453.50299796;
0.0,0.0;
308.540949174,1451.57103949;
276.673043296,1423.359416;
0.0,0.0;
0.0,0.0;
0.0,0.0;
0.0,0.0;
0.0,0.0;
0.0,0.0;
0.0,0.0;
77.4572152396,1477.97171144;
51.1277626692,1464.10756158;
25.463060992,1458.77778723;
8.9031822298e-14,1454.0;
-25.5328706177,1462.77717801;
-51.0928631725,1463.10817076;
-76.7245118522,1463.99089795;
-101.774695193,1455.44594933;
-127.944630354,1462.4138168;
-153.029670224,1455.98005482;
-179.757281523,1464.00557367;
-204.44528531,1454.70379298;
-228.863622354,1444.98804229;
-256.478358414,1454.5610512;
-280.680032199,1443.97358685;
-306.461832265,1441.78956348;
-331.802805157,1437.19584556;
-358.044405488,1436.03767489;
0.0,0.0;
0.0,0.0;
0.0,0.0;
0.0,0.0;
0.0,0.0;
0.0,0.0;
0.0,0.0;
0.0,0.0;
0.0,0.0;
0.0,0.0;
0.0,0.0;
0.0,0.0;
0.0,0.0;
0.0,0.0;
0.0,0.0;
0.0,0.0;
0.0,0.0;
0.0,0.0;
0.0,0.0;
0.0,0.0;
0.0,0.0;
0.0,0.0;
0.0,0.0;
0.0,0.0;
0.0,0.0;
0.0,0.0;
0.0,0.0;
0.0,0.0;
0.0,0.0;
0.0,0.0;
0.0,0.0;
0.0,0.0;
0.0,0.0;
0.0,0.0;
0.0,0.0;
0.0,0.0;
0.0,0.0;
0.0,0.0;
0.0,0.0;
0.0,0.0;
0.0,0.0;
0.0,0.0;
0.0,0.0;
0.0,0.0;
0.0,0.0;
0.0,0.0;
0.0,0.0;
0.0,0.0;
0.0,0.0;
0.0,0.0;
0.0,0.0;
0.0,0.0;
0.0,0.0;
0.0,0.0;
0.0,0.0;
0.0,0.0;
0.0,0.0;
0.0,0.0;
0.0,0.0;
0.0,0.0;
0.0,0.0;
0.0,0.0;
0.0,0.0;
0.0,0.0;
0.0,0.0;
0.0,0.0;
0.0,0.0;
0.0,0.0;
0.0,0.0;
0.0,0.0;
0.0,0.0;
0.0,0.0;
0.0,0.0;
0.0,0.0;
0.0,0.0;
0.0,0.0;
0.0,0.0;
0.0,0.0;
0.0,0.0;
0.0,0.0;
0.0,0.0;
0.0,0.0;
0.0,0.0;
0.0,0.0;
0.0,0.0;
0.0,0.0;
0.0,0.0;
0.0,0.0;
0.0,0.0;
0.0,0.0;
0.0,0.0;
0.0,0.0;
0.0,0.0;
0.0,0.0;
0.0,0.0;
0.0,0.0;
0.0,0.0;
0.0,0.0;
0.0,0.0;
0.0,0.0;
0.0,0.0;
0.0,0.0;
0.0,0.0;
0.0,0.0;
0.0,0.0;
0.0,0.0;
0.0,0.0;
0.0,0.0;
0.0,0.0;
0.0,0.0;
0.0,0.0;
0.0,0.0;
0.0,0.0;
0.0,0.0;
0.0,0.0;
0.0,0.0;
0.0,0.0;
0.0,0.0;
0.0,0.0;
0.0,0.0;
0.0,0.0;
0.0,0.0;
0.0,0.0;
-1223.17074842,-1358.46874097;
-1159.25630423,-1333.57182825;
0.0,0.0;
0.0,0.0;
0.0,0.0;
0.0,0.0;
-694.174382957,-955.449070357;
-671.658006967,-959.227043862;
-638.03910286,-945.931870285;
0.0,0.0;
-612.056750189,-979.495551061;
-596.414090746,-992.599734213;
-586.0,-1014.98177324;
0.0,0.0;
0.0,0.0;
0.0,0.0;
0.0,0.0;
0.0,0.0;
0.0,0.0;
0.0,0.0;
0.0,0.0;
0.0,0.0;
0.0,0.0;
0.0,0.0;
0.0,0.0;
0.0,0.0;
0.0,0.0;
0.0,0.0;
0.0,0.0;
0.0,0.0;
0.0,0.0;
0.0,0.0;
0.0,0.0;
0.0,0.0;
0.0,0.0;
-166.107915061,-1352.84040469;
0.0,0.0;
-105.545604467,-1206.39177939;
-83.6380120192,-1196.07929626;
-62.2797879291,-1188.36914636;
0.0,0.0;
0.0,0.0;
0.0,0.0;
0.0,0.0;
0.0,0.0;
0.0,0.0;
0.0,0.0;
0.0,0.0;
0.0,0.0;
0.0,0.0;
0.0,0.0;
0.0,0.0;
0.0,0.0;
0.0,0.0;
0.0,0.0;
0.0,0.0;
0.0,0.0;
0.0,0.0;
0.0,0.0;
0.0,0.0;
0.0,0.0;
0.0,0.0;
0.0,0.0;
0.0,0.0;
0.0,0.0;
0.0,0.0;
0.0,0.0;
0.0,0.0;
0.0,0.0;
0.0,0.0;
0.0,0.0;
0.0,0.0;
0.0,0.0;
0.0,0.0;
0.0,0.0;
0.0,0.0;
0.0,0.0;
746.796520129,-1066.53596166;
758.83076071,-1044.44093974;
773.33230475,-1026.24663041;
0.0,0.0;
757.072430433,-934.906591633;
760.417742259,-906.23057621;
760.3724146,-874.708403478;
777.529764589,-863.534287205;
770.658146871,-826.42968283;
761.345574023,-788.396421171;
775.696138962,-775.696138962;
771.851605763,-745.368431503;
781.817107031,-729.056246907;
784.760935704,-706.601920315;
786.407382592,-683.613508208;
789.791820856,-662.714025587;
794.243172609,-643.165439653;
798.254893404,-623.665074505;
798.635510047,-601.815023152;
802.54485842,-583.082970274;
0.0,0.0;
0.0,0.0;
0.0,0.0;
0.0,0.0;
0.0,0.0;
0.0,0.0;
0.0,0.0;
827.321894509,-439.89485433;
827.745060971,-421.757174258;
829.586904734,-404.616568486;
836.522087435,-390.076655587;
893.447457574,-397.788436928;
0.0,0.0;
0.0,0.0;
0.0,0.0;
0.0,0.0;
0.0,0.0;
1203.08649311,-390.906497884;
0.0,0.0;
0.0,0.0;
0.0,0.0;
0.0,0.0;
0.0,0.0;
0.0,0.0;
0.0,0.0;
0.0,0.0;
0.0,0.0;
0.0,0.0;
0.0,0.0;
0.0,0.0;
0.0,0.0;
0.0,0.0;
0.0,0.0;
0.0,0.0;
0.0,0.0;
