3298.0,0.0;
3297.49769863,57.5580364302;
3299.98851082,115.238138112;
3323.43909166,174.174062377;
3309.91751876,231.451979883;
3313.34356585,289.880000379;
3319.71408674,348.916010387;
3328.9997926,408.749777781;
3321.35910256,466.78658062;
3325.54664278,526.71484379;
0.0,0.0;
0.0,0.0;
0.0,0.0;
0.0,0.0;
0.0,0.0;
0.0,0.0;
2058.061291,590.139578804;
1952.77431168,597.023021044;
0.0,0.0;
1760.55558777,606.207903599;
1678.29102072,610.84797598;
1605.75833358,616.392873218;
1530.78054389,618.47548573;
1470.04625096,623.997612197;
1405.94645931,625.967693694;
1345.86706375,627.588118685;
1296.95980881,632.569564817;
1242.95410124,633.316747137;
0.0,0.0;
0.0,0.0;
0.0,0.0;
0.0,0.0;
0.0,0.0;
0.0,0.0;
0.0,0.0;
1150.08947018,805.301316637;
1150.422166,835.83062876;
0.0,0.0;
0.0,0.0;
0.0,0.0;
0.0,0.0;
0.0,0.0;
0.0,0.0;
1143.10583563,1065.96343678;
1148.06632134,1108.67475925;
1147.63430587,1147.63430587;
1148.27028637,1189.06868996;
1149.16723671,1232.33098723;
1149.56638172,1276.72281017;
1147.4472417,1319.98705581;
0.0,0.0;
1142.21650976,1410.51992004;
1140.2050523,1459.39591568;
1135.62494869,1507.02520746;
1133.24996642,1559.78476515;
1131.09273248,1615.36783134;
0.0,0.0;
1113.78682661,1715.08131145;
1069.37707522,1711.36105804;
1031.62126404,1716.90610331;
992.0,1718.19440111;
954.105332645,1721.25158365;
916.408490558,1723.51370126;
879.833588495,1726.77064388;
842.549344129,1727.48215699;
805.087788616,1726.5163343;
770.765938629,1731.16864223;
736.137446074,1734.2311439;
700.139723094,1732.90662419;
666.206018205,1735.52601286;
632.395245009,1737.49165583;
597.743131583,1735.9721048;
564.883065717,1738.53131179;
532.116502595,1740.47465585;
0.0,0.0;
466.65073832,1741.5642648;
434.975568288,1744.59171584;
401.762583058,1740.22493571;
368.003692747,1731.3212533;
0.0,0.0;
0.0,0.0;
0.0,0.0;
0.0,0.0;
0.0,0.0;
0.0,0.0;
0.0,0.0;
0.0,0.0;
0.0,0.0;
145.63559974,4170.45792115;
0.0,0.0;
2.55093928262e-13,4166.0;
-73.0906781593,4187.36214731;
-145.74029823,4173.45609363;
-218.188601577,4163.28653039;
-286.699107088,4099.98824657;
-365.008250627,4172.06339561;
-439.54218804,4181.96457002;
-519.163402906,4228.24660599;
-589.258909465,4192.79500305;
-664.846476421,4197.67544753;
-742.172311348,4209.06833637;
-810.365803364,4168.9706481;
0.0,0.0;
0.0,0.0;
-1050.1829488,4212.05374776;
0.0,0.0;
-1207.29161848,4210.32622821;
-1284.68127055,4202.0030977;
0.0,0.0;
-1436.08112931,4170.68243697;
0.0,0.0;
0.0,0.0;
0.0,0.0;
0.0,0.0;
0.0,0.0;
0.0,0.0;
0.0,0.0;
0.0,0.0;
0.0,0.0;
0.0,0.0;
-1056.0,1829.04565279;
-1103.21155646,1836.0523581;
0.0,0.0;
0.0,0.0;
0.0,0.0;
-1683.44684069,2404.21124999;
-1703.40166114,2344.5312497;
0.0,0.0;
-1430.18160718,1830.54898063;
-1456.87670528,1799.09290077;
0.0,0.0;
0.0,0.0;
-1508.22038673,1675.04843663;
-1538.5883003,1649.93395085;
0.0,0.0;
-1907.77409564,1907.77409564;
-1913.4438689,1847.79126542;
-1911.75857603,1782.7437132;
0.0,0.0;
0.0,0.0;
0.0,0.0;
-936.460883556,758.331071215;
-955.069033371,746.181708095;
-982.321677358,740.232478477;
-1012.88927696,735.90713587;
-1043.59970442,730.736379911;
0.0,0.0;
-1128.85058445,733.08414113;
0.0,0.0;
0.0,0.0;
0.0,0.0;
0.0,0.0;
0.0,0.0;
0.0,0.0;
0.0,0.0;
0.0,0.0;
0.0,0.0;
0.0,0.0;
-2003.64430972,809.524848372;
0.0,0.0;
0.0,0.0;
0.0,0.0;
-2395.71136455,778.41380883;
0.0,0.0;
0.0,0.0;
0.0,0.0;
0.0,0.0;
0.0,0.0;
0.0,0.0;
0.0,0.0;
0.0,0.0;
0.0,0.0;
0.0,0.0;
-2424.79024846,297.726805939;
0.0,0.0;
-2424.73789516,212.137077848;
0.0,0.0;
-1300.21565425,68.1414150283;
-1298.2086843,45.3344462165;
-1298.80215601,22.670675962;
-1298.0,1.58959154529e-13;
-1299.8020037,-22.6881283685;
-1297.20929347,-45.2995467198;
-1296.22113611,-67.9320712033;
-1297.83082939,-90.7531723411;
-1296.04930222,-113.389621315;
-1295.86202966,-136.200587638;
-1295.27272789,-159.039493144;
-1294.28036585,-181.899242955;
-1294.85941452,-205.085583668;
-1294.03738746,-228.173705454;
-1293.78462778,-251.486255906;
-1293.11112817,-274.859255261;
-1292.98907597,-298.510049114;
-1292.4339074,-322.239964939;
-1294.34060723,-346.817520437;
-1298.66455121,-372.386067709;
-1300.57446811,-397.625518423;
0.0,0.0;
0.0,0.0;
0.0,0.0;
0.0,0.0;
0.0,0.0;
0.0,0.0;
0.0,0.0;
-2444.31210164,-1139.80145191;
-2447.41618807,-1193.68463271;
-2420.86472622,-1233.49218779;
-2270.94120883,-1207.48085949;
-2274.01123856,-1260.50501264;
-2192.77632238,-1266.0;
-2085.48804261,-1253.08763626;
-2031.07519029,-1269.15663784;
-1977.58519922,-1284.25884457;
-1978.91268569,-1334.79346058;
0.0,0.0;
0.0,0.0;
-1978.22015839,-1490.69581235;
-1978.69500231,-1545.92596454;
0.0,0.0;
-1982.52301879,-1663.53433387;
-1796.96351051,-1562.07654803;
0.0,0.0;
0.0,0.0;
-2401.15625353,-2318.76964059;
0.0,0.0;
0.0,0.0;
-2411.54620118,-2586.06668893;
-2411.54670532,-2678.29395102;
-2430.04264338,-2795.44428515;
-2387.31318238,-2845.08906174;
-2397.7106899,-2960.92611315;
0.0,0.0;
0.0,0.0;
0.0,0.0;
0.0,0.0;
0.0,0.0;
0.0,0.0;
0.0,0.0;
0.0,0.0;
0.0,0.0;
0.0,0.0;
0.0,0.0;
0.0,0.0;
0.0,0.0;
0.0,0.0;
0.0,0.0;
0.0,0.0;
0.0,0.0;
0.0,0.0;
0.0,0.0;
0.0,0.0;
0.0,0.0;
0.0,0.0;
0.0,0.0;
0.0,0.0;
0.0,0.0;
0.0,0.0;
0.0,0.0;
0.0,0.0;
0.0,0.0;
0.0,0.0;
0.0,0.0;
0.0,0.0;
0.0,0.0;
0.0,0.0;
0.0,0.0;
0.0,0.0;
-135.410047206,-3877.63640883;
0.0,0.0;
0.0,0.0;
0.0,0.0;
0.0,0.0;
0.0,0.0;
0.0,0.0;
0.0,0.0;
0.0,0.0;
0.0,0.0;
0.0,0.0;
0.0,0.0;
0.0,0.0;
0.0,0.0;
0.0,0.0;
0.0,0.0;
0.0,0.0;
0.0,0.0;
0.0,0.0;
0.0,0.0;
0.0,0.0;
0.0,0.0;
0.0,0.0;
0.0,0.0;
0.0,0.0;
0.0,0.0;
0.0,0.0;
0.0,0.0;
0.0,0.0;
0.0,0.0;
0.0,0.0;
0.0,0.0;
0.0,0.0;
0.0,0.0;
0.0,0.0;
0.0,0.0;
0.0,0.0;
1086.92734689,-1552.29312393;
1090.92942825,-1501.53554156;
1095.30334214,-1453.51662829;
1098.95573346,-1406.59919519;
1100.68136395,-1359.22828659;
1105.59468866,-1317.59644216;
1106.77158191,-1273.19506184;
0.0,0.0;
0.0,0.0;
0.0,0.0;
1115.10739393,-1115.10739393;
1115.69603033,-1077.41513258;
1121.89657828,-1046.18548434;
0.0,0.0;
0.0,0.0;
0.0,0.0;
0.0,0.0;
1128.43139916,-881.627232666;
1130.06924672,-851.56825776;
1122.1065712,-815.25814493;
0.0,0.0;
0.0,0.0;
0.0,0.0;
0.0,0.0;
0.0,0.0;
0.0,0.0;
0.0,0.0;
1142.53418516,-607.496202245;
1143.16137053,-582.469811166;
1194.49728753,-582.595254083;
0.0,0.0;
0.0,0.0;
0.0,0.0;
0.0,0.0;
0.0,0.0;
0.0,0.0;
0.0,0.0;
0.0,0.0;
0.0,0.0;
0.0,0.0;
0.0,0.0;
0.0,0.0;
0.0,0.0;
0.0,0.0;
3290.41431892,-639.591752502;
3297.13635708,-581.374098829;
3298.87905759,-522.491113234;
3303.53427732,-464.281464803;
3309.14886957,-406.312390913;
3283.91129851,-345.15298571;
3299.39684008,-288.65981998;
3293.95649396,-230.335876303;
3299.47198283,-172.917999427;
3299.98851082,-115.238138112;
3301.49708941,-57.6278460559;
