2893.0,0.0;
2898.55846826,50.5945262617;
0.0,0.0;
2898.02290986,151.878945017;
2893.9333098,202.363530332;
2879.00267749,251.880096541;
2906.98750016,305.536698131;
2910.14531661,357.320914864;
2898.51463721,407.35966651;
2903.80372135,459.917327218;
2911.0917179,513.304013183;
2904.63483582,564.603817319;
2911.94540738,618.953103564;
2963.05936701,684.07615626;
0.0,0.0;
0.0,0.0;
0.0,0.0;
0.0,0.0;
0.0,0.0;
0.0,0.0;
1749.7076599,636.841506872;
1670.175383,641.120261737;
1592.90186215,643.574127489;
1517.91250334,644.315630879;
1439.74764124,641.016949487;
1372.14998957,639.844048275;
1311.34051355,639.583503165;
1253.64617953,638.764633134;
0.0,0.0;
0.0,0.0;
0.0,0.0;
0.0,0.0;
0.0,0.0;
0.0,0.0;
952.564170866,642.512646088;
921.546049825,645.273490895;
887.491642829,644.800421765;
856.935902281,645.747519842;
0.0,0.0;
0.0,0.0;
0.0,0.0;
0.0,0.0;
0.0,0.0;
0.0,0.0;
676.179412318,652.978868231;
680.943830283,680.943830283;
681.45986142,705.672344132;
682.680358423,732.085055321;
683.182349092,758.750866812;
682.30139015,784.897963432;
0.0,0.0;
680.295342725,840.094784335;
680.305930235,870.751882735;
680.050976162,902.458126353;
678.304181146,933.605611509;
677.393771331,967.418564305;
677.741799007,1004.79353794;
675.352403419,1039.95150425;
674.057304105,1078.71717831;
671.609649683,1117.74616012;
671.0,1162.20609188;
669.52208556,1207.84981556;
666.649619156,1253.78558186;
661.91814862,1299.08751227;
0.0,0.0;
655.058305698,1404.77706991;
651.592102207,1463.49982314;
646.269286521,1522.51502761;
641.701094521,1588.26594287;
658.321923315,1714.98724348;
624.186761569,1714.93903293;
589.278359567,1711.38862183;
556.539606869,1712.85278585;
522.760608044,1709.87290366;
0.0,0.0;
458.109709831,1709.68871253;
426.024458151,1708.69077397;
394.564149319,1709.04509363;
362.805900477,1706.86756328;
0.0,0.0;
0.0,0.0;
0.0,0.0;
0.0,0.0;
0.0,0.0;
0.0,0.0;
0.0,0.0;
0.0,0.0;
89.7561649566,1712.6496521;
59.7828378514,1711.95648668;
29.9134246335,1713.7389495;
1.04462371967e-13,1706.0;
-29.7389005691,1703.74047255;
-59.4687423811,1702.96196924;
-89.0234615692,1698.66883862;
-118.655761839,1696.85644949;
0.0,0.0;
0.0,0.0;
0.0,0.0;
-580.769350306,4132.38865086;
-649.828767777,4102.85736683;
-719.077103719,4078.08890522;
-796.245937706,4096.33023653;
-869.486691,4090.61326627;
-945.919183516,4097.22612242;
-1021.15232133,4095.61826061;
-1095.83983696,4089.72994851;
-1172.56131165,4089.20725452;
-1247.55006405,4080.55239369;
0.0,0.0;
0.0,0.0;
0.0,0.0;
0.0,0.0;
0.0,0.0;
0.0,0.0;
0.0,0.0;
0.0,0.0;
0.0,0.0;
0.0,0.0;
0.0,0.0;
0.0,0.0;
0.0,0.0;
0.0,0.0;
0.0,0.0;
-1267.37503448,1951.58641161;
0.0,0.0;
0.0,0.0;
0.0,0.0;
0.0,0.0;
0.0,0.0;
0.0,0.0;
-1445.62933419,1722.83395257;
-1489.25399581,1713.19074711;
-1540.33865584,1710.71938825;
0.0,0.0;
-2197.89908413,2275.99112827;
-2214.65843868,2214.65843868;
-2232.11140045,2155.52492353;
-2272.31595093,2118.96890471;
-2315.63927619,2085.01096941;
-2371.29750106,2061.33746909;
-2413.80604027,2025.42375812;
-2409.15248052,1950.89321225;
-2397.91672323,1873.45786942;
-2404.69152075,1812.06503471;
-2396.30833734,1741.01991729;
0.0,0.0;
0.0,0.0;
0.0,0.0;
0.0,0.0;
0.0,0.0;
0.0,0.0;
0.0,0.0;
0.0,0.0;
-1631.43294579,831.256605023;
0.0,0.0;
-1380.30675966,643.647612631;
-1406.86000477,626.374430337;
-1459.00019272,619.308838655;
-1506.67376367,608.735714301;
0.0,0.0;
0.0,0.0;
0.0,0.0;
0.0,0.0;
0.0,0.0;
0.0,0.0;
0.0,0.0;
0.0,0.0;
0.0,0.0;
0.0,0.0;
0.0,0.0;
0.0,0.0;
0.0,0.0;
0.0,0.0;
-2095.26492611,257.266183928;
0.0,0.0;
-2113.92514935,184.944486111;
-2111.8430944,147.674454916;
0.0,0.0;
-2824.27847716,98.6259776813;
0.0,0.0;
-2820.0,3.4535039736e-13;
-2818.57065265,-49.1983337467;
-1707.95892338,-59.6432398646;
-1706.6578749,-89.4421492192;
-1702.84183379,-119.074300681;
-1702.49673904,-148.949164356;
-1697.64887539,-178.430086798;
-1697.25391931,-208.396577223;
-1695.33893369,-238.264348844;
-1695.8608808,-268.597976474;
-1690.91491192,-298.153921054;
-1690.3620099,-328.573090038;
-1689.26090647,-359.063490042;
-1688.58332227,-389.840177178;
0.0,0.0;
-1681.67686357,-450.603957523;
-1682.20796789,-482.36537268;
-1676.4022372,-512.527598379;
0.0,0.0;
0.0,0.0;
0.0,0.0;
0.0,0.0;
0.0,0.0;
0.0,0.0;
0.0,0.0;
0.0,0.0;
-2770.08325069,-1351.0598744;
-2763.01123151,-1407.82453969;
0.0,0.0;
-2564.38498133,-1421.46180656;
0.0,0.0;
-2358.06724423,-1416.86974408;
-2308.38691774,-1442.44023724;
-2305.50539128,-1497.21270726;
0.0,0.0;
-2293.62572401,-1606.01402178;
0.0,0.0;
0.0,0.0;
-2297.83935752,-1795.26886205;
0.0,0.0;
0.0,0.0;
0.0,0.0;
0.0,0.0;
0.0,0.0;
-2701.12095027,-2608.44218107;
0.0,0.0;
-2693.19050227,-2788.88040591;
0.0,0.0;
0.0,0.0;
0.0,0.0;
0.0,0.0;
0.0,0.0;
0.0,0.0;
0.0,0.0;
0.0,0.0;
0.0,0.0;
0.0,0.0;
0.0,0.0;
0.0,0.0;
0.0,0.0;
0.0,0.0;
0.0,0.0;
0.0,0.0;
0.0,0.0;
0.0,0.0;
0.0,0.0;
0.0,0.0;
0.0,0.0;
0.0,0.0;
0.0,0.0;
0.0,0.0;
0.0,0.0;
0.0,0.0;
0.0,0.0;
0.0,0.0;
0.0,0.0;
0.0,0.0;
0.0,0.0;
0.0,0.0;
-278.58113325,-1433.17568783;
-253.352691216,-1436.83451164;
-228.237884494,-1441.03728893;
0.0,0.0;
0.0,0.0;
0.0,0.0;
0.0,0.0;
0.0,0.0;
0.0,0.0;
0.0,0.0;
0.0,0.0;
0.0,0.0;
0.0,0.0;
0.0,0.0;
0.0,0.0;
0.0,0.0;
0.0,0.0;
0.0,0.0;
0.0,0.0;
0.0,0.0;
0.0,0.0;
0.0,0.0;
0.0,0.0;
0.0,0.0;
0.0,0.0;
0.0,0.0;
0.0,0.0;
0.0,0.0;
0.0,0.0;
0.0,0.0;
0.0,0.0;
0.0,0.0;
0.0,0.0;
0.0,0.0;
0.0,0.0;
0.0,0.0;
0.0,0.0;
751.806516743,-1541.4317894;
756.348172566,-1484.4168693;
753.971329834,-1418.01383413;
753.878959483,-1360.0336446;
755.5,-1308.56438512;
754.530779743,-1255.75009553;
0.0,0.0;
0.0,0.0;
0.0,0.0;
0.0,0.0;
0.0,0.0;
0.0,0.0;
0.0,0.0;
756.443110042,-934.129445671;
0.0,0.0;
755.780001397,-869.425436417;
755.448454579,-839.010507964;
755.654182949,-810.339901394;
0.0,0.0;
756.60425587,-756.60425587;
756.745469956,-730.780605723;
755.488373773,-704.504305945;
754.29199786,-679.167565454;
754.709580223,-656.059028991;
752.255643143,-631.217432712;
750.722998767,-607.923497754;
750.974248187,-586.725385985;
773.877809236,-583.158757434;
796.881739459,-578.968473508;
0.0,0.0;
0.0,0.0;
0.0,0.0;
0.0,0.0;
0.0,0.0;
0.0,0.0;
0.0,0.0;
0.0,0.0;
1130.6872792,-576.113944169;
1180.11658279,-575.581315734;
1234.39120594,-575.606072491;
0.0,0.0;
0.0,0.0;
0.0,0.0;
0.0,0.0;
0.0,0.0;
0.0,0.0;
0.0,0.0;
0.0,0.0;
0.0,0.0;
0.0,0.0;
0.0,0.0;
0.0,0.0;
0.0,0.0;
0.0,0.0;
0.0,0.0;
0.0,0.0;
0.0,0.0;
0.0,0.0;
0.0,0.0;
2897.93037675,-253.536055653;
2894.93087385,-202.433286805;
2909.00783474,-152.454640536;
2900.23218001,-101.278339431;
2901.55801134,-50.646883481;
3738.0,0.0;
3745.66523395,38.3603893491;
1548.0,0.0;
3739.99182879,114.877423953;
3738.65065437,153.185216342;
3729.66638882,190.871076617;
3732.96460412,229.649033799;
3754.4300951,270.91555039;
3754.31725716,310.077668939;
3753.50806455,349.318160435;
3750.03013574,388.277325263;
3753.71628121,428.747812611;
3754.70098726,469.048774485;
3749.10197635,508.164431763;
3751.54159437,549.404624907;
3755.14051307,591.401518059;
3747.36676031,630.658270109;
3713.0739675,661.929539492;
1548.0,0.0;
1548.0,0.0;
3283.61227059,631.711204723;
3195.76945277,632.519430947;
3114.94071422,633.085142873;
3036.45634803,631.812234767;
2961.25482297,629.221586838;
2901.11752605,630.969064779;
2840.46583858,630.377709083;
2782.044036,628.776842139;
1548.0,0.0;
1548.0,0.0;
1548.0,0.0;
1548.0,0.0;
1548.0,0.0;
1548.0,0.0;
1548.0,0.0;
2459.71622529,638.390573659;
2425.7834389,637.746998737;
2397.74818269,640.331184634;
1548.0,0.0;
1548.0,0.0;
1548.0,0.0;
1548.0,0.0;
1548.0,0.0;
2212.80051477,619.936509297;
1548.0,0.0;
2175.20371491,627.203714912;
2155.82607415,629.422325296;
2134.51858965,628.964183392;
2114.08449298,628.700522354;
2093.18505309,627.163661165;
2075.08583994,628.156443358;
2055.86155558,627.156790896;
2038.68219583,628.044570625;
2019.82297815,626.130239877;
2002.94578527,626.179153646;
1986.21239737,625.832161837;
1970.19064212,625.923367279;
1954.84535916,626.486914255;
1939.080417,625.859494963;
1923.46275661,624.874962212;
1908.5,624.404316129;
1894.15406886,624.478470898;
1879.91639489,624.243948151;
1865.79334982,623.704566932;
1851.79120472,622.864274085;
1838.33874582,622.633449694;
1824.98765393,622.124456655;
1812.13424286,622.261280934;
1798.98641759,621.21318256;
1786.31468645,620.830983621;
1773.73329459,620.197129719;
1761.57270932,620.260185593;
1749.17006334,619.137792108;
1737.16449296,618.729177108;
1548.0,0.0;
1713.90300791,619.158454651;
1702.1042475,618.078377638;
1690.61896845,617.750621074;
1678.77645352,615.254840862;
1666.49238613,609.590480921;
1548.0,0.0;
1548.0,0.0;
1548.0,0.0;
1548.0,0.0;
1548.0,0.0;
1548.0,0.0;
1591.45828314,621.482403312;
1580.291285,616.154422944;
1569.46319047,614.625358617;
1558.71577755,613.906484826;
1548.0,614.0;
1537.28422245,613.906484826;
1526.53680953,614.625358617;
1515.81338691,614.157163874;
1505.09976865,613.50189091;
1494.31206247,613.655934025;
1476.71158805,678.263932641;
1472.07539906,618.356252473;
1308.62226635,1703.26107824;
1278.46341674,1701.78701085;
1247.93594899,1701.74779721;
1216.94639302,1703.12316328;
1187.27321643,1697.08608727;
1155.01050806,1702.22450318;
1123.91091701,1700.92840816;
1092.73729966,1699.06352844;
1060.94879227,1698.54941672;
1029.62496753,1695.52833232;
998.258767007,1691.92954249;
965.884139831,1690.58721317;
928.943540581,1700.84364362;
1548.0,0.0;
1548.0,0.0;
1548.0,0.0;
1548.0,0.0;
1548.0,0.0;
1548.0,0.0;
1548.0,0.0;
1548.0,0.0;
1548.0,0.0;
-824.0,4108.42451555;
1548.0,0.0;
1548.0,0.0;
1548.0,0.0;
1548.0,0.0;
1548.0,0.0;
1548.0,0.0;
1548.0,0.0;
1548.0,0.0;
1548.0,0.0;
1548.0,0.0;
1548.0,0.0;
-419.243982695,2184.8457869;
1548.0,0.0;
1548.0,0.0;
1548.0,0.0;
1548.0,0.0;
1548.0,0.0;
1548.0,0.0;
1548.0,0.0;
1548.0,0.0;
-584.488518238,1726.85515304;
-653.702045577,1720.15816206;
-719.326213024,1708.55285073;
-1391.15874056,2135.42382158;
-1447.63902596,2097.56902774;
1548.0,0.0;
-1579.40254787,2030.95896157;
-1567.72870528,1946.92337679;
-1555.80279584,1864.95286925;
-1546.30876772,1786.5;
-1550.77762239,1717.68048453;
-1558.20963168,1651.60095788;
-1552.70270418,1579.88693909;
1548.0,0.0;
1548.0,0.0;
1548.0,0.0;
1548.0,0.0;
1548.0,0.0;
1548.0,0.0;
-784.317084791,848.893995734;
1548.0,0.0;
1548.0,0.0;
1548.0,0.0;
1548.0,0.0;
1548.0,0.0;
1548.0,0.0;
1548.0,0.0;
1548.0,0.0;
1548.0,0.0;
1548.0,0.0;
1548.0,0.0;
1548.0,0.0;
1548.0,0.0;
1548.0,0.0;
1548.0,0.0;
-1334.96010525,201.596209121;
-576.085020423,111.318578929;
-605.687232226,75.2084153939;
1548.0,0.0;
1548.0,0.0;
-881.62989923,-42.4093476426;
-881.519100483,-84.8406764838;
-877.671139919,-127.124037714;
-879.073334282,-169.717500619;
-878.730284551,-212.311389333;
-890.567687443,-256.303791932;
-872.820063853,-297.239328565;
-870.234623867,-339.860712544;
-861.959551052,-381.700094698;
-863.794187127,-425.264387106;
-860.913108181,-468.245274654;
-854.330507402,-510.631112648;
-853.822209696,-554.504348958;
-853.481922533,-598.756691609;
-846.530123371,-641.612412809;
1548.0,0.0;
1548.0,0.0;
1548.0,0.0;
1548.0,0.0;
1548.0,0.0;
1548.0,0.0;
1548.0,0.0;
1548.0,0.0;
1548.0,0.0;
-1507.1635501,-1424.64616033;
1548.0,0.0;
1548.0,0.0;
-1457.55360609,-1598.08119972;
1548.0,0.0;
-1473.5626338,-1744.5;
1548.0,0.0;
1548.0,0.0;
1548.0,0.0;
1548.0,0.0;
1548.0,0.0;
1548.0,0.0;
1548.0,0.0;
1548.0,0.0;
1548.0,0.0;
1548.0,0.0;
1548.0,0.0;
1548.0,0.0;
1548.0,0.0;
1548.0,0.0;
1548.0,0.0;
1548.0,0.0;
1548.0,0.0;
1548.0,0.0;
1548.0,0.0;
1548.0,0.0;
1548.0,0.0;
1548.0,0.0;
1548.0,0.0;
1548.0,0.0;
544.814812822,-1432.69692546;
578.359505382,-1437.55115081;
595.426327759,-1466.83482334;
634.949107726,-1461.18686968;
1548.0,0.0;
1548.0,0.0;
1548.0,0.0;
1548.0,0.0;
1548.0,0.0;
1548.0,0.0;
1548.0,0.0;
1548.0,0.0;
1548.0,0.0;
1548.0,0.0;
1548.0,0.0;
1548.0,0.0;
1548.0,0.0;
1548.0,0.0;
1548.0,0.0;
1548.0,0.0;
1548.0,0.0;
1548.0,0.0;
1548.0,0.0;
1548.0,0.0;
1548.0,0.0;
1548.0,0.0;
1548.0,0.0;
1548.0,0.0;
1548.0,0.0;
1548.0,0.0;
1548.0,0.0;
1277.34488187,-3870.54851501;
1548.0,0.0;
1548.0,0.0;
1548.0,0.0;
1548.0,-609.0;
1558.61106311,-607.907398655;
1569.04439651,-602.632668693;
1579.61091757,-603.172238992;
1590.06315367,-601.531122307;
1600.64206862,-601.701597647;
1611.23972028,-601.685746698;
1621.97469145,-602.475514046;
1632.47807228,-601.092717726;
1643.11215474,-600.514511082;
1654.09903655,-601.71753709;
1665.34753216,-603.70071782;
1677.32107169,-608.407807656;
1689.04431107,-610.93003062;
1701.62040371,-616.137786185;
1548.0,0.0;
1548.0,0.0;
1548.0,0.0;
1737.42741755,-582.997644489;
1749.52668761,-585.275998296;
1762.44662987,-589.187273233;
1775.56364796,-592.823570826;
1788.87203957,-596.179218486;
1801.19377126,-596.487145037;
1812.78555464,-594.718092925;
1824.81496144,-593.631600509;
1838.20169917,-595.00165865;
1850.35767283,-593.410345109;
1863.48489019,-593.340782401;
1876.70092253,-592.992161441;
1890.5,-593.227401592;
1904.40634784,-593.159772086;
1917.88364643,-591.937571117;
1932.51515872,-592.101420969;
1946.70454017,-591.103789232;
1962.12218705,-591.427775977;
1977.67101943,-591.391422888;
1993.34311713,-590.990277435;
2009.74610649,-591.008065205;
2026.2834972,-590.630930707;
2044.23203468,-591.386310088;
2061.03816067,-590.182891734;
2079.28970145,-590.056991429;
2097.69067821,-589.471083505;
2116.92520541,-589.139296477;
2137.72705551,-589.72705551;
2158.00015069,-589.070298149;
2179.1582445,-588.564584734;
2201.22430159,-588.165802989;
2224.97449346,-588.484949004;
2248.93066545,-588.150662863;
2273.07718204,-587.155924849;
2300.55026969,-587.956708936;
2329.86416434,-589.176907666;
2352.16289241,-584.258540779;
1548.0,0.0;
1548.0,0.0;
1548.0,0.0;
1548.0,0.0;
1548.0,0.0;
1548.0,0.0;
1548.0,0.0;
2658.74807182,-590.595225985;
1548.0,0.0;
2755.08040418,-588.732450138;
2815.01828628,-590.820329913;
1548.0,0.0;
1548.0,0.0;
1548.0,0.0;
1548.0,0.0;
1548.0,0.0;
1548.0,0.0;
1548.0,0.0;
1548.0,0.0;
3776.20461119,-638.927390784;
1548.0,0.0;
3766.09603027,-553.033453341;
1548.0,0.0;
1548.0,0.0;
1548.0,0.0;
1548.0,0.0;
1548.0,0.0;
1548.0,0.0;
1548.0,0.0;
1548.0,0.0;
3738.6321411,-191.655478302;
1548.0,0.0;
3744.98497646,-115.139103734;
3744.66103779,-76.7090937521;
3738.66630009,-38.2382225041;
