1031.9457402,4003.99157433;
979.278829768,4029.7462603;
196.421722311,830.125853233;
862.657214035,4033.57934432;
810.377758884,4064.3679569;
754.177592284,4076.56149706;
697.130331823,4083.82450067;
642.696069821,4109.90316378;
584.447993438,4109.24762787;
527.160329189,4115.52019394;
470.434184526,4128.76453768;
412.692511869,4131.04859477;
196.421722311,830.125853233;
196.421722311,830.125853233;
196.421722311,830.125853233;
196.421722311,830.125853233;
196.421722311,830.125853233;
196.421722311,830.125853233;
110.947968166,2334.69995821;
196.421722311,830.125853233;
75.7896821763,2142.59372366;
61.3958925678,2062.7523276;
48.3611567885,1993.74394734;
36.1127475661,1935.56243333;
196.421722311,830.125853233;
196.421722311,830.125853233;
-21.5216350408,1925.65754743;
-41.0325099511,1923.64150817;
-58.0178010147,1910.57045106;
196.421722311,830.125853233;
196.421722311,830.125853233;
196.421722311,830.125853233;
196.421722311,830.125853233;
196.421722311,830.125853233;
-203.851456975,1976.23988855;
196.421722311,830.125853233;
-251.580575294,1982.07634754;
196.421722311,830.125853233;
196.421722311,830.125853233;
196.421722311,830.125853233;
196.421722311,830.125853233;
196.421722311,830.125853233;
196.421722311,830.125853233;
-440.222935564,2014.90793429;
196.421722311,830.125853233;
-505.365597666,2033.43111688;
-540.785535982,2044.9371383;
-574.681893321,2052.18322257;
-610.696775725,2061.11883864;
-648.379581482,2070.81588588;
196.421722311,830.125853233;
-731.374840058,2095.41417566;
-774.501846304,2106.88872233;
-822.020213651,2121.94667017;
-870.984921211,2136.49948178;
-923.344296846,2152.77964858;
196.421722311,830.125853233;
196.421722311,830.125853233;
-1072.57099659,2179.03707321;
196.421722311,830.125853233;
196.421722311,830.125853233;
-1099.53032938,2070.66778309;
196.421722311,830.125853233;
-1112.93827066,1998.71534866;
196.421722311,830.125853233;
-1126.78266179,1930.5672001;
-1135.64777871,1899.1697459;
-1139.86959797,1864.73955281;
-1148.10734735,1834.08082276;
-1155.68493567,1803.45189595;
196.421722311,830.125853233;
-1166.37980223,1740.67129676;
196.421722311,830.125853233;
-1181.17025512,1682.5578703;
-1182.94614275,1650.7166726;
-1190.97986405,1623.04504089;
-1197.59299349,1594.86304478;
-1203.64718809,1566.69292155;
-1198.42901409,1533.14464612;
196.421722311,830.125853233;
196.421722311,830.125853233;
196.421722311,830.125853233;
196.421722311,830.125853233;
196.421722311,830.125853233;
196.421722311,830.125853233;
196.421722311,830.125853233;
196.421722311,830.125853233;
196.421722311,830.125853233;
-3438.54659117,1924.02775009;
196.421722311,830.125853233;
196.421722311,830.125853233;
-3623.8900752,1764.84868372;
196.421722311,830.125853233;
196.421722311,830.125853233;
-3664.62671858,1563.06850929;
196.421722311,830.125853233;
-3693.78419395,1428.78596473;
-3697.69454066,1359.9923746;
-3723.23110764,1293.9476861;
-3719.78425134,1224.36787524;
-3714.10945527,1154.96721327;
-3759.09754838,1089.28468328;
-3785.99158942,1021.31480311;
-3754.73758773,950.745531006;
-3781.23877706,882.096535;
-3802.53977135,812.576715899;
-3836.61608726,742.023489103;
-3837.46192196,671.532837884;
-3819.10385844,602.006782782;
-3850.41198748,529.292136157;
196.421722311,830.125853233;
196.421722311,830.125853233;
196.421722311,830.125853233;
196.421722311,830.125853233;
196.421722311,830.125853233;
196.421722311,830.125853233;
196.421722311,830.125853233;
196.421722311,830.125853233;
196.421722311,830.125853233;
196.421722311,830.125853233;
196.421722311,830.125853233;
196.421722311,830.125853233;
-3462.23120025,-306.016652007;
-3457.04060931,-374.706911699;
196.421722311,830.125853233;
196.421722311,830.125853233;
-1530.57202037,158.484868232;
196.421722311,830.125853233;
-1532.72470817,87.1745614612;
-1540.46535304,47.6628908589;
-1543.72939963,9.36396766765;
-1562.3239773,-37.2463645065;
196.421722311,830.125853233;
196.421722311,830.125853233;
-2174.11664247,-497.51749538;
196.421722311,830.125853233;
-2103.25622056,-565.431870066;
-2078.55012788,-605.354233999;
-2057.33241878,-647.580907777;
-2043.59825669,-695.131663941;
-2030.52033712,-743.80491524;
-1956.74578621,-748.724893437;
-1894.63566991,-760.033881649;
-1838.29422704,-773.997585112;
-1787.53158909,-790.914941493;
-1731.46257489,-802.031656513;
196.421722311,830.125853233;
-944.968635127,-206.692381534;
-912.132746803,-212.750452475;
-890.181785197,-228.44951842;
-859.57365498,-235.178686858;
-846.352653509,-259.225146735;
196.421722311,830.125853233;
196.421722311,830.125853233;
196.421722311,830.125853233;
196.421722311,830.125853233;
-811.90949027,-426.293330692;
196.421722311,830.125853233;
-443.16579999,-26.4305087866;
196.421722311,830.125853233;
-439.671674224,-86.8480781762;
-436.349028251,-116.933900548;
196.421722311,830.125853233;
196.421722311,830.125853233;
196.421722311,830.125853233;
196.421722311,830.125853233;
196.421722311,830.125853233;
196.421722311,830.125853233;
196.421722311,830.125853233;
196.421722311,830.125853233;
196.421722311,830.125853233;
196.421722311,830.125853233;
196.421722311,830.125853233;
196.421722311,830.125853233;
196.421722311,830.125853233;
-307.039027041,-572.239032901;
-278.952132606,-570.395727486;
-232.488748768,-509.905791094;
-211.342024806,-524.847846341;
196.421722311,830.125853233;
196.421722311,830.125853233;
196.421722311,830.125853233;
196.421722311,830.125853233;
-296.535528747,-1540.15559601;
196.421722311,830.125853233;
-213.005628506,-1552.95896364;
-172.113198967,-1564.68332743;
-130.127060066,-1569.75953835;
-89.2511623373,-1584.03072888;
-47.0748110989,-1588.64872043;
-2.92027436978,-1569.60887551;
38.9912322096,-1572.72238184;
80.6629751314,-1581.09705485;
156.143964998,-489.259496945;
179.1896134,-488.761577301;
202.236327704,-494.861388352;
225.512537636,-501.556437879;
249.063446505,-508.839735896;
272.65047186,-511.710641181;
196.421722311,830.125853233;
196.421722311,830.125853233;
196.421722311,830.125853233;
196.421722311,830.125853233;
196.421722311,830.125853233;
196.421722311,830.125853233;
440.416148729,-518.987826142;
196.421722311,830.125853233;
491.807147967,-530.172441373;
517.794886008,-534.543809966;
544.024484872,-538.419476473;
571.012617456,-543.721904444;
598.290751914,-548.495662283;
625.255463522,-550.822235001;
651.796518311,-550.725259366;
680.772052107,-556.728774342;
710.09434253,-562.137210716;
739.751369649,-566.940320691;
769.73086194,-571.128096063;
798.441233444,-571.01564862;
1310.76398841,-1643.45663255;
1325.60920209,-1563.93860611;
1331.39220203,-1471.22114585;
1355.81491274,-1420.83648096;
1382.14281374,-1376.47571781;
1434.15473742,-1379.87550046;
196.421722311,830.125853233;
1545.28792327,-1392.61119192;
1602.01820921,-1397.48598818;
1664.25882777,-1408.5753845;
196.421722311,830.125853233;
196.421722311,830.125853233;
196.421722311,830.125853233;
196.421722311,830.125853233;
196.421722311,830.125853233;
2499.53979132,-1988.60562745;
196.421722311,830.125853233;
196.421722311,830.125853233;
196.421722311,830.125853233;
196.421722311,830.125853233;
196.421722311,830.125853233;
196.421722311,830.125853233;
196.421722311,830.125853233;
196.421722311,830.125853233;
196.421722311,830.125853233;
196.421722311,830.125853233;
196.421722311,830.125853233;
196.421722311,830.125853233;
196.421722311,830.125853233;
196.421722311,830.125853233;
196.421722311,830.125853233;
196.421722311,830.125853233;
196.421722311,830.125853233;
196.421722311,830.125853233;
196.421722311,830.125853233;
196.421722311,830.125853233;
196.421722311,830.125853233;
196.421722311,830.125853233;
196.421722311,830.125853233;
196.421722311,830.125853233;
196.421722311,830.125853233;
196.421722311,830.125853233;
196.421722311,830.125853233;
196.421722311,830.125853233;
1854.36335767,168.72239562;
196.421722311,830.125853233;
1888.67143055,222.594022807;
196.421722311,830.125853233;
196.421722311,830.125853233;
196.421722311,830.125853233;
196.421722311,830.125853233;
196.421722311,830.125853233;
196.421722311,830.125853233;
196.421722311,830.125853233;
196.421722311,830.125853233;
196.421722311,830.125853233;
196.421722311,830.125853233;
196.421722311,830.125853233;
196.421722311,830.125853233;
196.421722311,830.125853233;
196.421722311,830.125853233;
196.421722311,830.125853233;
196.421722311,830.125853233;
196.421722311,830.125853233;
196.421722311,830.125853233;
196.421722311,830.125853233;
196.421722311,830.125853233;
196.421722311,830.125853233;
196.421722311,830.125853233;
196.421722311,830.125853233;
196.421722311,830.125853233;
196.421722311,830.125853233;
196.421722311,830.125853233;
196.421722311,830.125853233;
196.421722311,830.125853233;
196.421722311,830.125853233;
196.421722311,830.125853233;
196.421722311,830.125853233;
196.421722311,830.125853233;
196.421722311,830.125853233;
196.421722311,830.125853233;
196.421722311,830.125853233;
196.421722311,830.125853233;
196.421722311,830.125853233;
196.421722311,830.125853233;
196.421722311,830.125853233;
196.421722311,830.125853233;
196.421722311,830.125853233;
1960.48382757,1551.87434738;
1911.7864331,1567.15564162;
1872.2214307,1585.06912087;
1831.65728805,1601.40313447;
1785.66056969,1613.90125855;
1748.62560679,1629.61262673;
1708.89074326,1642.85364325;
1670.91926978,1655.93272079;
1635.55063059,1669.44938165;
1598.45585849,1680.94914922;
1566.47911908,1694.61571989;
1530.27621397,1704.6869975;
1498.27835217,1716.57625528;
1467.09346579,1728.19562798;
1436.7107216,1739.5911897;
1407.91367167,1751.41367832;
1379.08564347,1762.51099339;
1337.07871985,1762.12940149;
196.421722311,830.125853233;
196.421722311,830.125853233;
196.421722311,830.125853233;
196.421722311,830.125853233;
196.421722311,830.125853233;
196.421722311,830.125853233;
196.421722311,830.125853233;
1178.61975976,1892.71515077;
1181.23304068,1933.56940286;
1189.24041568,1982.40708718;
196.421722311,830.125853233;
196.421722311,830.125853233;
196.421722311,830.125853233;
196.421722311,830.125853233;
196.421722311,830.125853233;
196.421722311,830.125853233;
196.421722311,830.125853233;
196.421722311,830.125853233;
196.421722311,830.125853233;
1323.26419327,2724.28583741;
196.421722311,830.125853233;
196.421722311,830.125853233;
196.421722311,830.125853233;
196.421722311,830.125853233;
196.421722311,830.125853233;
196.421722311,830.125853233;
1561.65520325,3933.06599808;
1486.41235568,3906.62063883;
1439.93432945,3947.24189148;
1381.09254935,3957.24769793;
1311.46901953,3936.03466145;
1256.4507781,3953.12799875;
1202.39510864,3973.0572152;
1144.50845589,3980.55940207;
1088.8385783,3994.70104671;
