3330.0,0.0;
3323.4937387,58.0117989975;
0.0,0.0;
3319.44457352,173.964718552;
3335.85418407,233.2656482;
3331.27507042,291.448803748;
3329.65930569,349.96129502;
3317.08923879,407.28734566;
3313.43695801,465.673195812;
3304.80518763,523.429720025;
3293.19712607,580.679506118;
3268.81852088,635.393954604;
0.0,0.0;
0.0,0.0;
0.0,0.0;
1824.63388586,488.909176199;
0.0,0.0;
1511.91781918,462.239665167;
1399.95519199,454.87301572;
1299.14252287,447.330644224;
1204.68593985,438.469823744;
1130.56589649,433.983586899;
1061.62551348,428.924549461;
0.0,0.0;
0.0,0.0;
1043.16026288,486.433619264;
1042.60109371,508.510530275;
1033.56756806,526.628979698;
1019.80446975,542.239655018;
0.0,0.0;
0.0,0.0;
0.0,0.0;
0.0,0.0;
0.0,0.0;
0.0,0.0;
1041.96140034,729.589227039;
0.0,0.0;
0.0,0.0;
0.0,0.0;
0.0,0.0;
0.0,0.0;
0.0,0.0;
0.0,0.0;
1023.16382857,954.115705727;
0.0,0.0;
1027.42615306,1027.42615306;
1028.09438828,1064.6229045;
1027.77152861,1102.15002834;
1026.44635015,1139.98416228;
1025.42026231,1179.61107389;
1029.74575072,1227.20319788;
1030.19748015,1272.18793891;
1030.00164822,1318.34199078;
1033.31639475,1371.25717075;
0.0,0.0;
745.07579082,1064.07850553;
0.0,0.0;
1021.19819065,1572.5073149;
0.0,0.0;
944.06479131,1571.18766219;
905.5,1568.37200625;
0.0,0.0;
830.964666131,1562.81723936;
0.0,0.0;
761.889053119,1562.10405247;
0.0,0.0;
501.506280912,1126.40154927;
0.0,0.0;
627.466043972,1553.0329564;
587.006701355,1529.2047386;
495.245167536,1360.6749149;
532.303932537,1545.9228711;
502.152615859,1545.46683898;
472.180303127,1544.43218088;
441.571044019,1539.94123689;
412.039919803,1537.75391545;
382.720438839,1535.00783897;
354.297910592,1534.63285204;
324.758061057,1527.86655235;
0.0,0.0;
0.0,0.0;
0.0,0.0;
0.0,0.0;
0.0,0.0;
0.0,0.0;
0.0,0.0;
0.0,0.0;
0.0,0.0;
0.0,0.0;
0.0,0.0;
0.0,0.0;
0.0,0.0;
0.0,0.0;
0.0,0.0;
0.0,0.0;
0.0,0.0;
-410.483275252,3905.48748311;
-482.358861198,3928.4976682;
-550.429614297,3916.51021187;
-612.128061702,3864.82447675;
-687.299487206,3897.86908642;
-757.511711645,3897.05991829;
-822.914472257,3871.5082037;
-899.579266321,3896.50588908;
-963.816832069,3865.65817348;
-1042.52311367,3890.74922829;
-1111.0941813,3874.84589633;
-1177.67322662,3851.99555702;
-1246.57455531,3836.56198673;
0.0,0.0;
0.0,0.0;
0.0,0.0;
0.0,0.0;
0.0,0.0;
0.0,0.0;
0.0,0.0;
0.0,0.0;
0.0,0.0;
0.0,0.0;
0.0,0.0;
0.0,0.0;
0.0,0.0;
-2022.70183158,3236.99958303;
-2109.93162165,3249.00978022;
0.0,0.0;
-1051.93918427,1502.32484923;
-1085.05157573,1493.44537162;
-1119.37594306,1485.46204869;
-1154.98092771,1478.30817377;
-1192.56214104,1472.69159696;
-1237.36614865,1474.635553;
0.0,0.0;
0.0,0.0;
-1856.39953609,1990.74477581;
-1869.32567491,1935.74340271;
-1883.73246508,1883.73246508;
-1911.2858495,1845.70729031;
-1939.55001669,1808.65965089;
-1989.3986978,1791.26263322;
-2039.22528576,1772.67149633;
-2053.765152,1723.31358157;
-2042.33958671,1653.85398768;
-2040.15984109,1593.94755962;
-2041.31236368,1538.23919918;
-2038.72282582,1481.21883578;
-1225.45145826,858.070348781;
0.0,0.0;
0.0,0.0;
-1252.56703802,782.690753272;
-1275.46494344,766.376655466;
-1319.82271537,762.0;
0.0,0.0;
0.0,0.0;
0.0,0.0;
-1036.30953538,505.441932248;
-1020.5025682,475.86816272;
-1045.09600354,465.306719679;
-945.358484496,401.280868958;
-965.198392604,389.965463746;
-994.26315422,381.661866266;
-1027.08403452,373.828016655;
-1055.19873037,363.334060374;
0.0,0.0;
0.0,0.0;
0.0,0.0;
0.0,0.0;
0.0,0.0;
0.0,0.0;
0.0,0.0;
0.0,0.0;
0.0,0.0;
0.0,0.0;
-1380.43368783,194.007302738;
-1344.90003547,165.132960314;
-1352.5497777,142.158710044;
-1379.72965686,120.710703706;
-1394.59454226,97.5195502943;
-2406.69717876,126.129654545;
-2400.5367665,83.8285910794;
-2416.63187919,42.1824663589;
-1082.0,1.32506783668e-13;
-2390.63583912,-41.7287037915;
-2387.54468575,-83.3748976223;
-2383.72869946,-124.925927552;
-2373.20487557,-165.950651037;
-2376.92054965,-207.953602196;
-2373.92376424,-249.50944182;
0.0,0.0;
0.0,0.0;
-2366.50126407,-374.816978236;
-2345.81206768,-413.629959203;
-2336.27269661,-454.125408996;
-2330.92573255,-495.453559219;
0.0,0.0;
0.0,0.0;
-1244.11246426,-333.358930092;
-1243.87263454,-356.674738427;
-1245.10879226,-380.667959549;
-1242.07981028,-403.576194654;
0.0,0.0;
0.0,0.0;
0.0,0.0;
0.0,0.0;
0.0,0.0;
0.0,0.0;
-1209.01458791,-563.772761162;
0.0,0.0;
-1207.31384028,-615.157127147;
-1208.75525462,-642.706569454;
-1202.60209732,-666.613227839;
-1201.17723505,-693.5;
-1195.74838448,-718.4781145;
-1192.3556232,-745.066485512;
-1191.75087705,-773.932068756;
-1185.52372875,-799.645851963;
-1182.85555195,-828.244374091;
-1178.7377608,-856.40311259;
-1175.59147079,-885.87171408;
-1172.56000137,-916.104275285;
-1168.82752603,-946.497868139;
-2036.91217425,-1709.17225416;
-1969.0372948,-1711.65800664;
-1887.58785671,-1699.59174015;
-1832.77237626,-1709.08789032;
-1791.15610284,-1729.69934244;
-1784.73751571,-1784.73751571;
0.0,0.0;
-1769.103746,-1897.131502;
-1765.16653957,-1960.41604961;
-1750.36548935,-2013.56516003;
0.0,0.0;
-1597.21515248,-1972.39645018;
0.0,0.0;
0.0,0.0;
0.0,0.0;
-2093.55399268,-2989.90496165;
0.0,0.0;
0.0,0.0;
0.0,0.0;
0.0,0.0;
0.0,0.0;
0.0,0.0;
0.0,0.0;
0.0,0.0;
0.0,0.0;
0.0,0.0;
0.0,0.0;
0.0,0.0;
0.0,0.0;
0.0,0.0;
0.0,0.0;
0.0,0.0;
0.0,0.0;
0.0,0.0;
0.0,0.0;
0.0,0.0;
0.0,0.0;
0.0,0.0;
0.0,0.0;
0.0,0.0;
0.0,0.0;
0.0,0.0;
0.0,0.0;
0.0,0.0;
-177.698387555,-1690.68722213;
-147.8161397,-1689.54620796;
-118.097710049,-1688.87593709;
0.0,0.0;
0.0,0.0;
0.0,0.0;
0.0,0.0;
0.0,0.0;
0.0,0.0;
0.0,0.0;
0.0,0.0;
0.0,0.0;
0.0,0.0;
0.0,0.0;
0.0,0.0;
0.0,0.0;
0.0,0.0;
0.0,0.0;
0.0,0.0;
0.0,0.0;
0.0,0.0;
0.0,0.0;
0.0,0.0;
0.0,0.0;
0.0,0.0;
549.559044724,-1596.03535561;
0.0,0.0;
438.284002294,-1141.76886161;
0.0,0.0;
472.393934344,-1112.89036782;
488.490708334,-1097.16809463;
505.874059304,-1084.85042108;
529.113974174,-1084.84441388;
552.960428683,-1085.24594646;
658.668602589,-1238.77547278;
684.066374168,-1234.08840677;
0.0,0.0;
0.0,0.0;
0.0,0.0;
0.0,0.0;
0.0,0.0;
0.0,0.0;
0.0,0.0;
0.0,0.0;
0.0,0.0;
0.0,0.0;
1227.08154689,-1462.37884191;
1228.7985613,-1413.57104376;
1229.86205449,-1365.90018923;
1235.09903007,-1324.48155363;
0.0,0.0;
1237.43686708,-1237.43686708;
1239.42247598,-1196.8963723;
1239.64452424,-1155.98722031;
1241.79500337,-1118.11724323;
1242.25196905,-1079.87316172;
1247.1203534,-1046.45822857;
1248.0964141,-1010.68854803;
1249.78505522,-976.439099866;
1249.06593771,-941.23869621;
1236.1779674,-898.135865503;
0.0,0.0;
0.0,0.0;
0.0,0.0;
0.0,0.0;
0.0,0.0;
0.0,0.0;
0.0,0.0;
1271.44453372,-676.039050412;
1269.68429697,-646.936462129;
1272.69236956,-620.733543853;
0.0,0.0;
0.0,0.0;
0.0,0.0;
0.0,0.0;
0.0,0.0;
0.0,0.0;
0.0,0.0;
0.0,0.0;
0.0,0.0;
0.0,0.0;
0.0,0.0;
0.0,0.0;
0.0,0.0;
0.0,0.0;
3388.57703726,-658.67265204;
3375.92097733,-595.265953042;
3360.1157347,-532.190050067;
3375.82384634,-474.441101173;
3374.65691558,-414.355767578;
3362.47852824,-353.410734308;
3345.22179619,-292.668984147;
3331.86392787,-232.986622305;
3335.42264608,-174.802093851;
3343.96170721,-116.773715967;
3317.49465253,-57.9070845589;
