2030.0,0.0;
2023.691735,35.3236706291;
0.0,0.0;
0.0,0.0;
4573.83117044,319.833432117;
0.0,0.0;
0.0,0.0;
4417.82292096,542.440447496;
0.0,0.0;
4403.11462237,697.384845149;
4437.54373507,782.458688567;
4444.80788665,863.983131065;
4425.13974572,940.59248926;
4408.05017309,1017.67856985;
4448.80590498,1109.21189132;
4384.33732553,1174.77964572;
4399.69478231,1261.59217757;
4418.12797255,1350.75727582;
4374.85997496,1421.47817412;
4393.82482081,1512.91521376;
4355.47529734,1585.26336431;
4309.40724871,1654.2264551;
0.0,0.0;
4310.72422872,1829.79387472;
0.0,0.0;
0.0,0.0;
0.0,0.0;
0.0,0.0;
0.0,0.0;
0.0,0.0;
0.0,0.0;
0.0,0.0;
0.0,0.0;
0.0,0.0;
0.0,0.0;
0.0,0.0;
0.0,0.0;
0.0,0.0;
0.0,0.0;
0.0,0.0;
0.0,0.0;
0.0,0.0;
0.0,0.0;
2441.258656,2276.51052589;
2385.33077792,2303.48715644;
2358.90822204,2358.90822204;
2285.42603881,2366.62794311;
2200.12670956,2359.34704142;
2118.46749973,2352.79651746;
2059.369292,2369.03337232;
0.0,0.0;
0.0,0.0;
1251.63977934,1602.02586208;
0.0,0.0;
978.662445067,1347.01329563;
970.491330306,1386.00525894;
962.370986873,1426.77366237;
953.118311276,1467.6734939;
954.384594884,1527.33462118;
952.305400509,1584.902339;
0.0,0.0;
0.0,0.0;
0.0,0.0;
0.0,0.0;
0.0,0.0;
0.0,0.0;
0.0,0.0;
0.0,0.0;
0.0,0.0;
0.0,0.0;
0.0,0.0;
709.087440408,2059.33945766;
0.0,0.0;
0.0,0.0;
0.0,0.0;
512.461709303,1912.53313605;
482.876103617,1936.71026965;
0.0,0.0;
591.300848686,2781.85177649;
0.0,0.0;
0.0,0.0;
0.0,0.0;
0.0,0.0;
0.0,0.0;
0.0,0.0;
0.0,0.0;
0.0,0.0;
87.6103907507,1671.70584118;
58.2123604998,1666.98389947;
29.0058994988,1661.74686935;
1.01706916669e-13,1661.0;
-29.0058994988,1661.74686935;
-57.8633655327,1656.9899912;
-86.7730154508,1655.72776862;
-115.51672052,1651.96606723;
-144.591377218,1652.68700413;
-173.517249024,1650.90634631;
-202.790587426,1651.59679633;
-231.584039998,1647.80606639;
-260.776253222,1646.47646377;
-289.992456704,1644.62894753;
-318.651022279,1639.31739636;
-348.667905501,1640.35352643;
-598.1448535,2590.85000226;
0.0,0.0;
-734.010811911,2739.36564336;
-786.669013502,2743.44088021;
-832.67461505,2723.55594498;
-887.18779085,2730.48325828;
-938.6129893,2725.93005345;
-988.096194068,2714.77198145;
0.0,0.0;
0.0,0.0;
0.0,0.0;
0.0,0.0;
0.0,0.0;
0.0,0.0;
0.0,0.0;
0.0,0.0;
-1276.98853973,2303.74830861;
0.0,0.0;
0.0,0.0;
-1417.53403182,2268.52865722;
-1362.68686561,2098.353761;
0.0,0.0;
0.0,0.0;
0.0,0.0;
0.0,0.0;
-2090.78637021,2676.08451925;
-2156.05165974,2662.50206395;
-2264.54074893,2698.77457311;
-2305.39142787,2652.0494649;
-2408.20105229,2674.57822689;
-2472.24405523,2651.15716837;
-2569.54131233,2660.83792145;
-2664.37835151,2664.37835151;
-2742.12331889,2648.03770819;
0.0,0.0;
0.0,0.0;
0.0,0.0;
0.0,0.0;
0.0,0.0;
0.0,0.0;
0.0,0.0;
0.0,0.0;
0.0,0.0;
0.0,0.0;
0.0,0.0;
0.0,0.0;
0.0,0.0;
0.0,0.0;
0.0,0.0;
0.0,0.0;
0.0,0.0;
0.0,0.0;
0.0,0.0;
0.0,0.0;
0.0,0.0;
0.0,0.0;
0.0,0.0;
0.0,0.0;
0.0,0.0;
0.0,0.0;
0.0,0.0;
0.0,0.0;
0.0,0.0;
0.0,0.0;
0.0,0.0;
0.0,0.0;
0.0,0.0;
0.0,0.0;
0.0,0.0;
0.0,0.0;
-825.798398166,101.395293713;
0.0,0.0;
-833.814962303,72.9493566798;
-839.948930319,58.7349508926;
-845.839215937,44.3285549378;
-864.473065372,30.1880646477;
0.0,0.0;
0.0,0.0;
0.0,0.0;
0.0,0.0;
-787.918702921,-41.2930694757;
-784.085343504,-54.8285883629;
-792.970979681,-69.3759712271;
-796.61203819,-83.7272990774;
0.0,0.0;
0.0,0.0;
0.0,0.0;
0.0,0.0;
0.0,0.0;
0.0,0.0;
0.0,0.0;
0.0,0.0;
0.0,0.0;
0.0,0.0;
0.0,0.0;
0.0,0.0;
0.0,0.0;
0.0,0.0;
0.0,0.0;
0.0,0.0;
0.0,0.0;
0.0,0.0;
0.0,0.0;
0.0,0.0;
0.0,0.0;
0.0,0.0;
0.0,0.0;
0.0,0.0;
-1157.17585595,-695.301401129;
-1117.72739073,-698.433590259;
-1081.04636208,-702.039716134;
-1044.58734142,-704.583058373;
-1012.47192674,-708.94047533;
-982.146631171,-713.571296283;
-951.973527976,-717.363507597;
-919.608549459,-718.476941705;
0.0,0.0;
-865.630220724,-726.349998946;
-839.237053208,-729.537640237;
-813.000439072,-732.028883357;
-787.667936644,-734.512233787;
-763.219528159,-737.032531057;
-740.340799902,-740.340799902;
-717.582096684,-743.07801375;
-696.320325624,-746.712129353;
-673.145389997,-747.60369443;
-652.778733846,-750.936032322;
-631.217432712,-752.255643143;
-612.328740491,-756.163020498;
-591.650677788,-757.278334216;
-572.927902041,-760.301005565;
-553.69370766,-762.094008701;
-533.999662243,-762.630553233;
-516.694242807,-766.030717041;
-498.344717039,-767.38356967;
-480.63677266,-769.179623214;
-463.534267419,-771.450570632;
-446.5,-773.36068558;
-429.541323538,-774.913060526;
-412.665503689,-776.110934123;
-397.241687272,-779.630708665;
-380.506155413,-780.153232188;
-364.719559882,-782.143620213;
-348.980039759,-783.822002657;
-331.730728087,-781.508620581;
-313.920325283,-776.980070127;
0.0,0.0;
0.0,0.0;
0.0,0.0;
0.0,0.0;
0.0,0.0;
0.0,0.0;
0.0,0.0;
0.0,0.0;
-187.384228268,-811.650263966;
-194.397430915,-914.568006686;
-191.953849349,-987.516946548;
-190.665699078,-1081.31891281;
-189.755006094,-1198.06595714;
-187.326993892,-1332.90082053;
0.0,0.0;
0.0,0.0;
0.0,0.0;
-205.432815176,-2937.82612802;
-154.75742261,-2952.94753427;
-103.477007723,-2963.19380211;
-51.5369562093,-2952.5502438;
-5.43559481802e-13,-2959.0;
51.6765754608,-2960.54902536;
101.941429868,-2919.22060572;
153.763039442,-2933.97357311;
204.94451986,-2930.84317966;
255.714949222,-2922.8352442;
308.254438176,-2932.84506944;
358.661477641,-2921.06332428;
412.091551943,-2932.18375154;
461.950975264,-2916.64366978;
510.699290518,-2896.31960161;
0.0,0.0;
0.0,0.0;
0.0,0.0;
0.0,0.0;
0.0,0.0;
0.0,0.0;
0.0,0.0;
0.0,0.0;
0.0,0.0;
1057.86830331,-2906.46927609;
0.0,0.0;
0.0,0.0;
0.0,0.0;
0.0,0.0;
0.0,0.0;
960.032811468,-1968.3589614;
955.650001952,-1875.56873342;
951.618857767,-1789.73477073;
0.0,0.0;
950.5,-1646.31429259;
949.730210134,-1580.61650249;
947.495644449,-1516.30999593;
946.582642856,-1457.60944709;
945.595199769,-1401.90253519;
941.812508488,-1345.04765672;
939.280833163,-1292.80915701;
937.627806071,-1244.27412465;
936.42110397,-1198.56435624;
933.911460318,-1153.2846068;
933.970396875,-1113.06257585;
933.571998253,-1073.95173266;
932.098934658,-1035.20074189;
930.927761485,-998.29780271;
929.452899674,-962.476652853;
928.431203698,-928.431203698;
925.070983236,-893.33066441;
925.89378625,-863.409923839;
923.729018068,-831.729343704;
923.764526193,-803.016251484;
923.083553958,-774.559069672;
920.917964327,-745.744663394;
921.184570966,-719.708264656;
918.430836554,-692.087276625;
912.571169655,-663.021764586;
0.0,0.0;
0.0,0.0;
0.0,0.0;
0.0,0.0;
0.0,0.0;
0.0,0.0;
0.0,0.0;
0.0,0.0;
1241.17208819,-632.408766137;
1304.15016118,-636.076533991;
0.0,0.0;
0.0,0.0;
0.0,0.0;
0.0,0.0;
0.0,0.0;
0.0,0.0;
2041.37460472,-702.901645473;
2032.40777532,-660.369316979;
2041.71065398,-624.213589583;
2034.02974861,-583.248644909;
2032.30793851,-544.555270896;
2036.65072945,-507.794058864;
2033.51032521,-469.472850416;
2040.41589513,-433.703787046;
2036.87640565,-395.928665406;
2035.59762548,-358.930783238;
2035.62566997,-322.411432448;
2039.95222161,-286.696587978;
2038.68979547,-250.319631354;
2036.78084171,-214.074292772;
2039.21054699,-178.407805404;
2030.04284228,-141.954424069;
2038.20288043,-106.817686692;
2030.7621605,-70.9157772995;
2026.69127808,-35.3760278484;
2033.0,0.0;
2024.69158269,35.3411230355;
0.0,0.0;
0.0,0.0;
0.0,0.0;
0.0,0.0;
0.0,0.0;
0.0,0.0;
4399.76102942,618.346087566;
4509.78496316,714.279767374;
4418.83238777,779.159373192;
4408.48768086,856.923198236;
4294.06796722,912.73232269;
4415.84513361,1019.47817829;
4393.49904858,1095.42234328;
4421.04250693,1184.61476943;
4403.53982909,1262.694727;
4373.18164902,1337.0158057;
4404.34272696,1431.05770095;
4401.38896941,1515.519759;
4370.51037928,1590.73568661;
4353.28552876,1671.06974873;
0.0,0.0;
4336.49836461,1840.73434631;
4341.16801472,1932.8125279;
4341.21429991,2024.34147374;
0.0,0.0;
0.0,0.0;
0.0,0.0;
0.0,0.0;
0.0,0.0;
0.0,0.0;
0.0,0.0;
0.0,0.0;
0.0,0.0;
0.0,0.0;
2035.48675785,1478.86769477;
0.0,0.0;
0.0,0.0;
0.0,0.0;
0.0,0.0;
0.0,0.0;
0.0,0.0;
2429.55699678,2265.59855213;
2383.89209832,2302.0978397;
2360.3224356,2360.3224356;
2279.86877185,2360.87322471;
2203.53670136,2363.00380993;
2128.50445883,2363.94368984;
2056.74505589,2366.014534;
0.0,0.0;
0.0,0.0;
1252.25544081,1602.81387284;
1226.49901718,1627.61916948;
979.838015572,1348.63132962;
968.197024561,1382.72865076;
962.930179777,1427.60269994;
950.395116101,1463.48014106;
951.734998563,1523.0943807;
955.910667033,1590.9025101;
0.0,0.0;
0.0,0.0;
0.0,0.0;
0.0,0.0;
0.0,0.0;
0.0,0.0;
0.0,0.0;
0.0,0.0;
0.0,0.0;
0.0,0.0;
0.0,0.0;
706.482895172,2051.77530905;
0.0,0.0;
0.0,0.0;
0.0,0.0;
0.0,0.0;
482.634181721,1935.73997392;
0.0,0.0;
591.924583758,2784.78621929;
546.286153763,2810.39862621;
0.0,0.0;
0.0,0.0;
0.0,0.0;
0.0,0.0;
0.0,0.0;
0.0,0.0;
118.725518313,1697.85401354;
87.6627267069,1672.70447071;
58.1425615064,1664.98511781;
29.0408043116,1663.74656474;
1.01706916669e-13,1661.0;
-28.9884470923,1660.74702165;
-57.8982650294,1657.98938202;
-86.7730154508,1655.72776862;
-115.51672052,1651.96606723;
-144.417065733,1650.69461474;
-173.517249024,1650.90634631;
-202.668718083,1650.60425018;
-231.444866897,1646.81579832;
-260.776253222,1646.47646377;
-289.645160348,1642.65933202;
-318.651022279,1639.31739636;
-347.836258738,1636.44093603;
-598.369804555,2591.82437233;
0.0,0.0;
-736.081364272,2747.09304997;
-785.842101434,2740.55709512;
-835.890703802,2734.0752973;
-888.423858828,2734.28748435;
-936.985148528,2721.20246057;
-988.096194068,2714.77198145;
0.0,0.0;
0.0,0.0;
0.0,0.0;
0.0,0.0;
0.0,0.0;
0.0,0.0;
0.0,0.0;
0.0,0.0;
0.0,0.0;
0.0,0.0;
0.0,0.0;
-1421.24346667,2274.46499389;
-1360.50830947,2094.99907873;
0.0,0.0;
0.0,0.0;
0.0,0.0;
0.0,0.0;
-2085.24541693,2668.99242247;
0.0,0.0;
-2236.90088171,2665.83466205;
-2306.70354593,2653.55888406;
-2406.86279107,2673.09193724;
-2477.70004211,2657.00799798;
-2581.35050463,2673.06669806;
-2651.65042945,2651.65042945;
-2740.68463929,2646.64839145;
-2805.47279941,2616.1457092;
0.0,0.0;
0.0,0.0;
0.0,0.0;
0.0,0.0;
0.0,0.0;
-2305.66071751,1737.43997184;
-2318.64270588,1684.59253307;
0.0,0.0;
0.0,0.0;
0.0,0.0;
0.0,0.0;
0.0,0.0;
0.0,0.0;
0.0,0.0;
0.0,0.0;
0.0,0.0;
0.0,0.0;
0.0,0.0;
0.0,0.0;
0.0,0.0;
0.0,0.0;
0.0,0.0;
0.0,0.0;
0.0,0.0;
0.0,0.0;
0.0,0.0;
0.0,0.0;
0.0,0.0;
0.0,0.0;
0.0,0.0;
0.0,0.0;
0.0,0.0;
0.0,0.0;
0.0,0.0;
0.0,0.0;
-827.783490469,101.6390324;
0.0,0.0;
-832.818767605,72.862200937;
-837.953802218,58.5954379451;
-846.837845472,44.380890894;
-864.473065372,30.1880646477;
-887.864753299,15.4977369163;
0.0,0.0;
0.0,0.0;
-805.509006577,-28.1289943422;
0.0,0.0;
-783.087779454,-54.7588318891;
0.0,0.0;
-797.606560085,-83.8318275407;
-801.977290526,-98.4704294714;
0.0,0.0;
0.0,0.0;
0.0,0.0;
0.0,0.0;
0.0,0.0;
0.0,0.0;
0.0,0.0;
0.0,0.0;
0.0,0.0;
0.0,0.0;
0.0,0.0;
0.0,0.0;
0.0,0.0;
0.0,0.0;
0.0,0.0;
0.0,0.0;
0.0,0.0;
0.0,0.0;
0.0,0.0;
0.0,0.0;
0.0,0.0;
0.0,0.0;
0.0,0.0;
-1153.74718675,-693.241248829;
0.0,0.0;
-1081.04636208,-702.039716134;
-1043.75830385,-704.02386547;
-1010.83362265,-707.793322457;
-981.337614177,-712.983511031;
-951.174892466,-716.761692574;
-920.396560213,-719.09260318;
-891.386417791,-721.830488534;
-865.630220724,-726.349998946;
-839.237053208,-729.537640237;
-812.257294247,-731.35975275;
-787.667936644,-734.512233787;
-763.219528159,-737.032531057;
-740.340799902,-740.340799902;
-717.582096684,-743.07801375;
-696.320325624,-746.712129353;
-673.814520603,-748.346839256;
-652.122674817,-750.181322741;
-631.860220322,-753.021687586;
-612.958060883,-756.940166459;
-592.266339263,-758.06634497;
-572.927902041,-760.301005565;
-553.69370766,-762.094008701;
-534.573238679,-763.449705277;
-516.694242807,-766.030717041;
-498.344717039,-767.38356967;
-480.63677266,-769.179623214;
-464.049305494,-772.307737933;
-447.0,-774.226710983;
-429.541323538,-774.913060526;
-413.134975252,-776.993881716;
-396.787696772,-778.739702141;
-380.94452656,-781.052026234;
-365.142178144,-783.049928;
-348.980039759,-783.822002657;
-332.121459216,-782.429125435;
-313.920325283,-776.980070127;
0.0,0.0;
0.0,0.0;
0.0,0.0;
0.0,0.0;
0.0,0.0;
0.0,0.0;
0.0,0.0;
0.0,0.0;
-187.384228268,-811.650263966;
0.0,0.0;
-192.526276335,-990.461828099;
-191.186643611,-1084.27333607;
-190.224309489,-1201.02902216;
-188.579551801,-1341.81323314;
0.0,0.0;
0.0,0.0;
0.0,0.0;
-207.17672702,-2962.76522927;
0.0,0.0;
-103.477007723,-2963.19380211;
-51.606765835,-2956.54963458;
-5.44661663921e-13,-2965.0;
51.6940278672,-2961.54887305;
102.255525338,-2928.21512317;
154.705086654,-2951.94890473;
204.525981018,-2924.85779536;
255.97641645,-2925.8238283;
308.254438176,-2932.84506944;
360.002040419,-2931.98133195;
412.648244347,-2936.14482382;
464.141057774,-2930.47130655;
514.693198605,-2918.97017993;
0.0,0.0;
0.0,0.0;
0.0,0.0;
0.0,0.0;
0.0,0.0;
0.0,0.0;
0.0,0.0;
0.0,0.0;
0.0,0.0;
1059.57840402,-2911.16773919;
0.0,0.0;
0.0,0.0;
0.0,0.0;
0.0,0.0;
972.867238527,-2086.32052576;
0.0,0.0;
957.465963951,-1879.13275951;
953.966215581,-1794.14950869;
949.257236442,-1712.50538658;
950.5,-1646.31429259;
949.730210134,-1580.61650249;
949.085402242,-1518.85414022;
947.127281891,-1458.44811766;
946.713585576,-1403.56061034;
941.238932052,-1344.22850468;
939.280833163,-1292.80915701;
934.618730955,-1240.2809471;
936.42110397,-1198.56435624;
935.1701011,-1154.83889873;
935.255972094,-1114.59466474;
933.571998253,-1073.95173266;
932.768065264,-1035.94388672;
931.609759845,-999.029156412;
929.452899674,-962.476652853;
927.724096917,-927.724096917;
925.790323036,-894.025322781;
925.89378625,-863.409923839;
922.985873243,-831.060213098;
923.764526193,-803.016251484;
923.083553958,-774.559069672;
923.249402211,-747.632624567;
920.396560213,-719.09260318;
919.229472064,-692.689091648;
913.380186649,-663.609549838;
0.0,0.0;
0.0,0.0;
0.0,0.0;
0.0,0.0;
0.0,0.0;
0.0,0.0;
0.0,0.0;
1194.62809314,-635.195024449;
0.0,0.0;
1303.25136713,-635.638162844;
0.0,0.0;
0.0,0.0;
0.0,0.0;
0.0,0.0;
0.0,0.0;
0.0,0.0;
2034.75597469,-700.622668392;
0.0,0.0;
2042.66695874,-624.505961288;
2034.9910103,-583.524282265;
2036.17164182,-545.590547076;
2041.50220808,-509.003668342;
2037.40780547,-470.372654633;
2040.41589513,-433.703787046;
2038.83966002,-396.310283397;
2037.56724098,-359.278079593;
2035.62566997,-322.411432448;
2037.97168547,-286.418241776;
2037.69724932,-250.197762011;
2034.79179792,-213.865235846;
2034.2295735,-177.972026691;
2034.03309848,-142.233449964;
2035.20699183,-106.660678823;
2032.76094216,-70.9855762929;
2027.69112578,-35.3934802548;
2034.0,0.0;
2024.69158269,35.3411230355;
0.0,0.0;
0.0,0.0;
4447.14053606,310.974359951;
0.0,0.0;
0.0,0.0;
4402.93472868,540.612407345;
4421.54692693,621.407895787;
4420.8930125,700.20066552;
4437.54373507,782.458688567;
4397.68978185,854.824299287;
4388.94828449,932.899756699;
4390.51151192,1013.62945087;
4404.17230157,1098.08348413;
4392.06473214,1176.85019808;
4417.95875453,1266.82928733;
4388.48252511,1341.69375297;
4368.20257934,1419.31505516;
4382.4785979,1509.00839591;
4374.26914976,1592.10376718;
4364.48849387,1675.37016412;
0.0,0.0;
4370.55704419,1855.19139807;
4322.89710556,1924.67779503;
4352.08999335,2029.41289288;
0.0,0.0;
0.0,0.0;
0.0,0.0;
0.0,0.0;
0.0,0.0;
0.0,0.0;
0.0,0.0;
0.0,0.0;
0.0,0.0;
0.0,0.0;
2033.86872386,1477.69212426;
0.0,0.0;
0.0,0.0;
0.0,0.0;
0.0,0.0;
0.0,0.0;
2480.61742744,2233.55796403;
0.0,0.0;
2396.84021473,2314.60169037;
2356.07979491,2356.07979491;
2278.47945511,2359.43454511;
2210.35668496,2370.31734695;
2129.84272004,2365.42997949;
2061.33746909,2371.29750106;
0.0,0.0;
0.0,0.0;
1252.25544081,1602.81387284;
1222.88812704,1622.82735642;
981.601371328,1351.05838061;
969.91775387,1385.18610689;
962.370986873,1426.77366237;
953.662950311,1468.51216447;
956.504271941,1530.72681356;
959.000895483,1596.04551391;
0.0,0.0;
0.0,0.0;
0.0,0.0;
0.0,0.0;
0.0,0.0;
0.0,0.0;
0.0,0.0;
0.0,0.0;
0.0,0.0;
0.0,0.0;
0.0,0.0;
709.087440408,2059.33945766;
0.0,0.0;
0.0,0.0;
0.0,0.0;
509.355880762,1900.94202614;
482.876103617,1936.71026965;
0.0,0.0;
591.508760377,2782.82992409;
0.0,0.0;
0.0,0.0;
0.0,0.0;
0.0,0.0;
0.0,0.0;
0.0,0.0;
0.0,0.0;
117.958197101,1686.88080899;
87.7150626632,1673.70310025;
58.1774610031,1665.98450864;
29.1106139374,1667.74595552;
1.01768149009e-13,1662.0;
-28.9011850601,1655.74778318;
-57.8982650294,1657.98938202;
-86.7730154508,1655.72776862;
-115.586476994,1652.96363128;
-144.504221476,1651.69080944;
-173.517249024,1650.90634631;
-202.546848739,1649.61170403;
-231.444866897,1646.81579832;
-260.463384292,1644.50108709;
-289.645160348,1642.65933202;
-318.460213283,1638.33576917;
-348.25208212,1638.39723123;
-598.819706663,2593.77311246;
0.0,0.0;
-735.563726181,2745.16119831;
-786.669013502,2743.44088021;
-839.399164259,2745.55095437;
-884.715654895,2722.87480615;
-940.566398227,2731.60316491;
-985.360032921,2707.25444048;
0.0,0.0;
0.0,0.0;
0.0,0.0;
0.0,0.0;
0.0,0.0;
0.0,0.0;
0.0,0.0;
0.0,0.0;
-1276.98853973,2303.74830861;
0.0,0.0;
0.0,0.0;
-1423.36314373,2277.85718628;
-1363.23150464,2099.19243157;
0.0,0.0;
0.0,0.0;
0.0,0.0;
0.0,0.0;
-2094.48033906,2680.81258377;
-2165.4914656,2674.15925337;
-2249.7566339,2681.15555092;
-2315.23231331,2663.37010861;
-2406.86279107,2673.09193724;
-2489.29401423,2669.44101091;
-2576.48789603,2668.03131946;
-2647.40778876,2647.40778876;
0.0,0.0;
-1813.02582631,1690.67393459;
-1842.99916718,1659.44390377;
0.0,0.0;
0.0,0.0;
0.0,0.0;
-2075.620325,1621.65232601;
-2094.82094285,1578.56080573;
-2136.61388214,1552.3408513;
0.0,0.0;
0.0,0.0;
0.0,0.0;
0.0,0.0;
0.0,0.0;
0.0,0.0;
0.0,0.0;
0.0,0.0;
0.0,0.0;
0.0,0.0;
0.0,0.0;
0.0,0.0;
0.0,0.0;
0.0,0.0;
0.0,0.0;
0.0,0.0;
0.0,0.0;
0.0,0.0;
0.0,0.0;
0.0,0.0;
0.0,0.0;
0.0,0.0;
0.0,0.0;
0.0,0.0;
0.0,0.0;
0.0,0.0;
0.0,0.0;
0.0,0.0;
-829.768582772,101.882771087;
0.0,0.0;
-833.814962303,72.9493566798;
-836.956238168,58.5256814713;
0.0,0.0;
-864.473065372,30.1880646477;
0.0,0.0;
0.0,0.0;
0.0,0.0;
-805.509006577,-28.1289943422;
0.0,0.0;
-783.087779454,-54.7588318891;
-791.974784983,-69.2888154844;
-797.606560085,-83.8318275407;
-802.969836678,-98.5922988148;
0.0,0.0;
0.0,0.0;
0.0,0.0;
0.0,0.0;
0.0,0.0;
0.0,0.0;
0.0,0.0;
0.0,0.0;
0.0,0.0;
0.0,0.0;
0.0,0.0;
0.0,0.0;
0.0,0.0;
0.0,0.0;
0.0,0.0;
0.0,0.0;
0.0,0.0;
0.0,0.0;
0.0,0.0;
0.0,0.0;
0.0,0.0;
0.0,0.0;
0.0,0.0;
0.0,0.0;
-1115.18324645,-696.843832467;
-1076.01433867,-698.771881924;
-1043.75830385,-704.02386547;
-1010.83362265,-707.793322457;
-981.337614177,-712.983511031;
-951.174892466,-716.761692574;
-920.396560213,-719.09260318;
-892.940709714,-723.089129316;
-864.864176281,-725.707211336;
-839.237053208,-729.537640237;
-812.257294247,-731.35975275;
-787.667936644,-734.512233787;
-763.219528159,-737.032531057;
-739.633693121,-739.633693121;
-718.276755055,-743.79735355;
-696.320325624,-746.712129353;
-673.814520603,-748.346839256;
-652.778733846,-750.936032322;
-631.217432712,-752.255643143;
-611.6994201,-755.385874536;
-593.497662214,-759.642366477;
-572.927902041,-760.301005565;
-553.69370766,-762.094008701;
-534.573238679,-763.449705277;
-516.694242807,-766.030717041;
-498.344717039,-767.38356967;
-481.166691924,-770.02767131;
-463.534267419,-771.450570632;
-446.5,-773.36068558;
-429.541323538,-774.913060526;
-412.665503689,-776.110934123;
-396.787696772,-778.739702141;
-380.94452656,-781.052026234;
-365.142178144,-783.049928;
-348.980039759,-783.822002657;
-332.121459216,-782.429125435;
-313.545718689,-776.052886272;
0.0,0.0;
0.0,0.0;
0.0,0.0;
0.0,0.0;
0.0,0.0;
0.0,0.0;
0.0,0.0;
0.0,0.0;
-187.609179323,-812.624634031;
-194.397430915,-914.568006686;
-191.763040353,-986.535319365;
-190.839347256,-1082.30372056;
-190.067875024,-1200.04133382;
-187.605340094,-1334.88135666;
0.0,0.0;
0.0,0.0;
0.0,0.0;
-207.665022336,-2969.74817762;
-155.437790042,-2965.92971822;
-103.477007723,-2963.19380211;
-51.7289326801,-2963.54856844;
-5.45029057961e-13,-2967.0;
51.606765835,-2956.54963458;
102.255525338,-2928.21512317;
153.710703486,-2932.97494357;
205.153789281,-2933.83587181;
255.97641645,-2925.8238283;
308.986137419,-2939.80672271;
359.636432389,-2929.00369349;
412.926590549,-2938.12535996;
463.202450984,-2924.5451765;
510.178345985,-2893.36517835;
0.0,0.0;
0.0,0.0;
0.0,0.0;
0.0,0.0;
0.0,0.0;
0.0,0.0;
0.0,0.0;
0.0,0.0;
0.0,0.0;
1052.39598101,-2891.43419416;
0.0,0.0;
0.0,0.0;
0.0,0.0;
0.0,0.0;
0.0,0.0;
0.0,0.0;
955.196011452,-1874.67772689;
0.0,0.0;
955.074951885,-1723.00082306;
948.5,-1642.85019098;
949.730210134,-1580.61650249;
946.435805921,-1514.61389974;
944.404086716,-1454.25476482;
942.799235252,-1397.75734733;
939.518202743,-1341.77104855;
938.693047911,-1292.00014002;
937.025991048,-1243.47548914;
935.805442495,-1197.77634548;
935.1701011,-1154.83889873;
933.327609265,-1112.29653141;
932.915939225,-1073.19702308;
930.760673445,-1033.71445224;
930.245763125,-997.566449009;
0.0,0.0;
928.431203698,-928.431203698;
924.351643435,-892.63600604;
925.162432548,-862.727925479;
922.985873243,-831.060213098;
923.009816612,-802.360192455;
923.083553958,-774.559069672;
921.695110288,-746.373983785;
921.184570966,-719.708264656;
918.430836554,-692.087276625;
911.762152661,-662.433979334;
0.0,0.0;
0.0,0.0;
0.0,0.0;
0.0,0.0;
0.0,0.0;
0.0,0.0;
0.0,0.0;
1192.86219795,-634.256081324;
1245.62712082,-634.678718636;
1303.25136713,-635.638162844;
0.0,0.0;
0.0,0.0;
0.0,0.0;
0.0,0.0;
0.0,0.0;
0.0,0.0;
2046.1021976,-704.529486245;
2040.01622745,-662.841452934;
2040.75434923,-623.921217878;
2039.79731878,-584.902469044;
2034.23979016,-545.072908986;
2039.56161663,-508.519824551;
2039.3565456,-470.822556742;
2042.37219033,-434.119610427;
2040.80291439,-396.691901388;
2038.55204874,-359.451727771;
2036.61335831,-322.567866913;
2038.96195354,-286.557414877;
2037.69724932,-250.197762011;
2037.77536361,-214.178821235;
2033.23337881,-177.884870948;
2036.02822658,-142.372962912;
2036.20562136,-106.713014779;
2031.76155133,-70.9506767962;
2030.69066886,-35.4458374741;
