3318.0,0.0;
3321.49404331,57.9768941847;
0.0,0.0;
3303.46650097,173.127343252;
3333.85905597,233.126135253;
3325.29790223,290.925869292;
3313.74695537,348.288839608;
3289.29794654,403.875004045;
3311.45642187,465.39484961;
3302.82981095,523.116851095;
3295.16674158,581.026802474;
3264.89201215,634.630718622;
0.0,0.0;
0.0,0.0;
0.0,0.0;
0.0,0.0;
0.0,0.0;
1514.78673345,463.116780281;
1395.1999094,453.327930748;
1299.14252287,447.330644224;
1203.74624723,438.1278036;
1132.43305734,434.700322798;
1063.47988119,429.673762648;
0.0,0.0;
0.0,0.0;
1045.87918624,487.701474049;
1043.49988775,508.948901422;
1035.34958111,527.536960697;
0.0,0.0;
0.0,0.0;
0.0,0.0;
0.0,0.0;
0.0,0.0;
0.0,0.0;
0.0,0.0;
1041.14224829,729.015650602;
1036.35076979,752.952908187;
0.0,0.0;
0.0,0.0;
0.0,0.0;
0.0,0.0;
0.0,0.0;
0.0,0.0;
1026.82059707,957.525697528;
1027.93657468,992.666811386;
1028.84036663,1028.84036663;
1028.09438828,1064.6229045;
1030.49952205,1105.07544315;
1027.78461137,1141.47045193;
1027.3884394,1181.87520263;
1027.81738789,1224.90506455;
1025.79223741,1266.74791717;
1036.15826297,1326.22209832;
1034.5200248,1372.85444177;
0.0,0.0;
744.502214384,1063.25935349;
0.0,0.0;
0.0,0.0;
981.41047736,1570.58507408;
943.549753235,1570.33049489;
901.0,1560.57777762;
0.0,0.0;
830.025723005,1561.05134417;
0.0,0.0;
758.820455092,1555.81249414;
521.510934988,1118.3838092;
500.286070983,1123.6609129;
657.600489247,1549.20966836;
625.967617598,1549.32422098;
594.532428296,1548.80992756;
495.245167536,1360.6749149;
531.652796229,1544.03183395;
501.225564876,1542.61366943;
470.426072899,1538.69435234;
0.0,0.0;
411.522281713,1535.8220638;
382.962360734,1535.97813469;
354.522861646,1535.6072221;
324.758061057,1527.86655235;
290.029672972,1492.07331884;
0.0,0.0;
0.0,0.0;
0.0,0.0;
0.0,0.0;
0.0,0.0;
0.0,0.0;
0.0,0.0;
0.0,0.0;
0.0,0.0;
0.0,0.0;
0.0,0.0;
0.0,0.0;
0.0,0.0;
0.0,0.0;
0.0,0.0;
0.0,0.0;
-408.392705987,3885.5970452;
-481.01829842,3917.57966053;
-551.264652903,3922.45182029;
-617.446833514,3898.40588033;
-688.862320805,3906.7323562;
-756.939284659,3894.11503674;
-829.567646363,3902.80892693;
-901.60382581,3905.27521966;
-968.17142619,3883.12349656;
-1036.57027564,3868.53293429;
-1111.92109337,3877.72968142;
-1178.55034174,3854.86447129;
-1247.50160629,3839.41515628;
-1316.27204847,3822.73160115;
0.0,0.0;
0.0,0.0;
0.0,0.0;
0.0,0.0;
0.0,0.0;
0.0,0.0;
0.0,0.0;
0.0,0.0;
0.0,0.0;
0.0,0.0;
0.0,0.0;
0.0,0.0;
0.0,0.0;
-2089.23533832,3217.14029864;
0.0,0.0;
-1042.18838485,1488.39926447;
-1084.46379048,1492.63635462;
-1116.36686795,1481.46887114;
-1157.44357361,1481.46021678;
-1190.04485948,1469.58301312;
-1237.36614865,1474.635553;
0.0,0.0;
0.0,0.0;
-1854.35354101,1988.5507147;
-1863.76840794,1929.98868431;
-1880.90403796,1880.90403796;
-1912.7245291,1847.09660705;
-1941.7440778,1810.70564597;
-1976.76523577,1779.88741291;
0.0,0.0;
-1098.50773143,921.75743229;
-1109.76443296,898.669518419;
-1125.27935615,879.164586765;
-1148.43786345,865.410003293;
-1198.15416867,870.509958645;
-2038.05028619,1427.05817364;
0.0,0.0;
0.0,0.0;
-1923.37308208,1201.85689128;
-1884.91089424,1132.56872673;
0.0,0.0;
0.0,0.0;
0.0,0.0;
0.0,0.0;
0.0,0.0;
0.0,0.0;
-1065.19400361,474.254925826;
-943.517474789,400.499406702;
-965.198392604,389.965463746;
-990.528832514,380.228394468;
-1023.32526404,372.459936082;
-1054.25321179,363.00849222;
0.0,0.0;
0.0,0.0;
0.0,0.0;
0.0,0.0;
0.0,0.0;
0.0,0.0;
0.0,0.0;
0.0,0.0;
0.0,0.0;
0.0,0.0;
0.0,0.0;
0.0,0.0;
-1757.32018912,184.701794594;
0.0,0.0;
-2404.12936113,168.113101723;
-2402.70266062,125.920310721;
-2407.53250229,84.0728875563;
-2395.63507759,41.8159658237;
-2396.0,2.93425373076e-13;
-2390.63583912,-41.7287037915;
-2384.54651327,-83.2701991322;
-2382.73006992,-124.873591596;
-2382.18295202,-166.578459301;
-2376.92054965,-207.953602196;
0.0,0.0;
0.0,0.0;
0.0,0.0;
0.0,0.0;
-2336.9487979,-412.067125604;
-2331.36456069,-453.171364019;
-2328.96943735,-495.037735837;
0.0,0.0;
-1243.91912109,-310.143870159;
-1243.14653843,-333.100111047;
-1243.87263454,-356.674738427;
-1243.19618275,-380.08321614;
-1240.17769725,-402.958160665;
0.0,0.0;
0.0,0.0;
0.0,0.0;
0.0,0.0;
0.0,0.0;
0.0,0.0;
-1206.29566455,-562.504906377;
-1204.38402204,-587.417336697;
-1207.31384028,-615.157127147;
-1207.87230703,-642.237097891;
-1201.72747761,-666.128418218;
-1200.31120965,-693.0;
-1196.60555178,-718.993152574;
-1193.20367129,-745.596404776;
-1190.07353591,-772.842790686;
-1185.52372875,-799.645851963;
-1182.03639991,-827.670797655;
-1179.5467778,-856.990897842;
-1173.99419977,-884.668084034;
-1170.98397986,-914.872952334;
-1165.71894219,-943.980586575;
-2038.44426314,-1710.45782938;
-1961.490199,-1705.09741635;
-1895.76244979,-1706.95217682;
-1826.92154664,-1703.63190344;
-1801.22686005,-1739.42455963;
-1784.73751571,-1784.73751571;
0.0,0.0;
-1764.32975748,-1892.01202609;
-1755.79871109,-1950.01202205;
-1747.74125323,-2010.54632171;
0.0,0.0;
-1590.29262818,-1963.8478446;
0.0,0.0;
0.0,0.0;
0.0,0.0;
0.0,0.0;
0.0,0.0;
0.0,0.0;
0.0,0.0;
0.0,0.0;
0.0,0.0;
0.0,0.0;
0.0,0.0;
0.0,0.0;
0.0,0.0;
0.0,0.0;
0.0,0.0;
0.0,0.0;
0.0,0.0;
0.0,0.0;
0.0,0.0;
0.0,0.0;
0.0,0.0;
0.0,0.0;
0.0,0.0;
0.0,0.0;
0.0,0.0;
0.0,0.0;
0.0,0.0;
0.0,0.0;
0.0,0.0;
0.0,0.0;
0.0,0.0;
0.0,0.0;
0.0,0.0;
0.0,0.0;
0.0,0.0;
0.0,0.0;
-72.1372596841,-2065.74083945;
0.0,0.0;
0.0,0.0;
31.3445219614,-1795.7264605;
62.6794960777,-1794.90592533;
95.3037763184,-1818.50438279;
0.0,0.0;
0.0,0.0;
0.0,0.0;
256.169359838,-2086.33201075;
287.670799684,-2046.88409809;
317.092660637,-2002.04426639;
0.0,0.0;
0.0,0.0;
0.0,0.0;
0.0,0.0;
0.0,0.0;
0.0,0.0;
0.0,0.0;
0.0,0.0;
0.0,0.0;
0.0,0.0;
0.0,0.0;
0.0,0.0;
0.0,0.0;
0.0,0.0;
0.0,0.0;
0.0,0.0;
0.0,0.0;
0.0,0.0;
0.0,0.0;
0.0,0.0;
0.0,0.0;
0.0,0.0;
0.0,0.0;
956.930784521,-1473.54418788;
951.187128804,-1410.19291092;
960.740530888,-1372.07967418;
0.0,0.0;
0.0,0.0;
0.0,0.0;
0.0,0.0;
1229.00990972,-1464.67697524;
1227.48644324,-1412.0616246;
1235.21509934,-1371.84534783;
1231.68903827,-1320.82478512;
1237.18655779,-1281.1441844;
1240.2652942,-1240.2652942;
1240.14181578,-1197.59103067;
1241.10723165,-1157.35121703;
1244.76758267,-1120.79376565;
1243.76138821,-1081.18527978;
1245.58826451,-1045.17265335;
1247.31926814,-1010.05922763;
1248.20903371,-975.207776916;
1246.67003118,-939.43325114;
0.0,0.0;
0.0,0.0;
0.0,0.0;
0.0,0.0;
0.0,0.0;
0.0,0.0;
0.0,0.0;
0.0,0.0;
1268.79569094,-674.630635723;
1267.0112774,-645.57449063;
1269.09719337,-618.980059266;
0.0,0.0;
0.0,0.0;
0.0,0.0;
0.0,0.0;
0.0,0.0;
0.0,0.0;
0.0,0.0;
0.0,0.0;
0.0,0.0;
0.0,0.0;
0.0,0.0;
0.0,0.0;
0.0,0.0;
0.0,0.0;
0.0,0.0;
3373.95136182,-594.918656687;
0.0,0.0;
3372.85304213,-474.02358187;
3351.82835409,-411.552772679;
3350.5442655,-352.156392749;
3303.38161887,-289.008442951;
3307.92239066,-231.312466936;
3325.43635073,-174.278734289;
3327.97145397,-116.215324019;
3307.49617558,-57.7325604945;
