2029.0,0.0;
2025.69143039,35.3585754419;
0.0,0.0;
0.0,0.0;
0.0,0.0;
0.0,0.0;
0.0,0.0;
4439.65893629,545.121573051;
4451.25496899,625.583088815;
4417.92994748,699.731362125;
4415.87796451,778.638428659;
4448.73439538,864.746367047;
4429.05233612,941.424136023;
4415.84513361,1019.47817829;
4415.81585028,1100.98654687;
4406.55361953,1180.73248376;
4392.96595044,1259.66271608;
4399.00187743,1344.90984172;
4393.88110528,1427.65851401;
4401.38896941,1515.519759;
4362.99283831,1587.99952546;
4364.48849387,1675.37016412;
0.0,0.0;
4329.13432579,1837.60849729;
4307.36683278,1917.7632721;
4325.80706753,2017.15696329;
0.0,0.0;
0.0,0.0;
0.0,0.0;
0.0,0.0;
0.0,0.0;
0.0,0.0;
0.0,0.0;
0.0,0.0;
0.0,0.0;
0.0,0.0;
0.0,0.0;
0.0,0.0;
0.0,0.0;
0.0,0.0;
0.0,0.0;
0.0,0.0;
0.0,0.0;
2436.8705338,2272.41853573;
2406.91097193,2324.32690756;
2363.15086273,2363.15086273;
2278.47945511,2359.43454511;
2213.0846784,2373.24276175;
2125.8279364,2360.97111054;
2061.33746909,2371.29750106;
1988.14207676,2369.37546257;
0.0,0.0;
0.0,0.0;
0.0,0.0;
981.601371328,1351.05838061;
970.491330306,1386.00525894;
962.370986873,1426.77366237;
954.752228381,1470.18950561;
953.324756356,1525.63852499;
1090.33560458,1814.62317559;
0.0,0.0;
0.0,0.0;
0.0,0.0;
0.0,0.0;
0.0,0.0;
0.0,0.0;
0.0,0.0;
0.0,0.0;
0.0,0.0;
0.0,0.0;
0.0,0.0;
0.0,0.0;
0.0,0.0;
646.141467437,2113.43351068;
0.0,0.0;
566.037251639,2112.47978209;
0.0,0.0;
0.0,0.0;
592.756230521,2788.69880969;
538.081366962,2768.18865732;
0.0,0.0;
0.0,0.0;
0.0,0.0;
0.0,0.0;
0.0,0.0;
0.0,0.0;
117.958197101,1686.88080899;
87.7673986194,1674.70172978;
58.2123604998,1666.98389947;
29.0582567181,1664.74641244;
1.01768149009e-13,1662.0;
-28.9709946859,1659.74717396;
-57.9680640229,1659.98816368;
-86.7206794946,1654.72913909;
-115.586476994,1652.96363128;
-144.678532961,1653.68319883;
-173.412720561,1649.91182442;
-202.546848739,1649.61170403;
-232.0015593,1650.77687059;
-260.776253222,1646.47646377;
-289.992456704,1644.62894753;
-319.41425826,1643.24390509;
-348.459993811,1639.37537883;
-597.694951392,2588.90126213;
0.0,0.0;
-735.563726181,2745.16119831;
-787.220288213,2745.3634036;
-836.183075507,2735.03160205;
-889.041892817,2736.18959738;
-936.659580373,2720.256942;
-989.464274641,2718.53075193;
0.0,0.0;
0.0,0.0;
0.0,0.0;
0.0,0.0;
0.0,0.0;
0.0,0.0;
0.0,0.0;
0.0,0.0;
-1271.17082429,2293.25287212;
0.0,0.0;
0.0,0.0;
-1422.83322447,2277.00913818;
-1359.4190314,2093.32173759;
0.0,0.0;
0.0,0.0;
0.0,0.0;
0.0,0.0;
-2084.01409398,2667.41640096;
-2158.5689413,2665.6106478;
-2243.97154542,2674.26115093;
-2306.70354593,2653.55888406;
-2397.49496258,2662.68790969;
-2477.70004211,2657.00799798;
0.0,0.0;
-2633.26565314,2633.26565314;
-2753.6327557,2659.15224212;
-2839.11506969,2647.51763376;
-2928.73375721,2637.04371966;
0.0,0.0;
0.0,0.0;
0.0,0.0;
0.0,0.0;
0.0,0.0;
0.0,0.0;
0.0,0.0;
0.0,0.0;
0.0,0.0;
0.0,0.0;
0.0,0.0;
0.0,0.0;
0.0,0.0;
0.0,0.0;
0.0,0.0;
0.0,0.0;
0.0,0.0;
0.0,0.0;
0.0,0.0;
0.0,0.0;
0.0,0.0;
0.0,0.0;
0.0,0.0;
0.0,0.0;
0.0,0.0;
0.0,0.0;
0.0,0.0;
0.0,0.0;
0.0,0.0;
0.0,0.0;
0.0,0.0;
0.0,0.0;
0.0,0.0;
0.0,0.0;
-739.446882973,90.7926608368;
0.0,0.0;
-657.488500741,57.5227902135;
-657.394709121,45.9695161974;
-655.100974799,34.3323872954;
-653.60160087,22.8242708434;
-17029.4059439,297.24938644;
-17025.0,2.08496117555e-12;
-17016.4079239,-297.022505156;
-17004.6349217,-593.814936393;
-16986.6883862,-890.234615692;
-621.482403312,-43.4582831426;
-624.614075704,-54.6466507028;
-16926.7626592,-1779.07444482;
-16906.0386009,-2075.80052622;
0.0,0.0;
0.0,0.0;
0.0,0.0;
0.0,0.0;
0.0,0.0;
0.0,0.0;
0.0,0.0;
0.0,0.0;
0.0,0.0;
0.0,0.0;
0.0,0.0;
0.0,0.0;
0.0,0.0;
0.0,0.0;
0.0,0.0;
0.0,0.0;
0.0,0.0;
0.0,0.0;
0.0,0.0;
0.0,0.0;
0.0,0.0;
0.0,0.0;
-2376.37370798,-1372.0;
0.0,0.0;
0.0,0.0;
-1216.91099409,-790.271239807;
-1173.91720274,-791.817151315;
-1132.06812521,-792.682635037;
-1092.17294241,-793.510090595;
-1051.00433122,-791.988570468;
-1011.80580763,-790.509334318;
0.0,0.0;
-943.766753923,-791.914335134;
-910.934463329,-791.863247992;
0.0,0.0;
0.0,0.0;
0.0,0.0;
0.0,0.0;
0.0,0.0;
0.0,0.0;
0.0,0.0;
0.0,0.0;
0.0,0.0;
0.0,0.0;
0.0,0.0;
0.0,0.0;
0.0,0.0;
-552.354108206,-788.84341865;
-531.233258297,-787.585693927;
-511.416053879,-787.511663301;
-491.235157944,-786.140585137;
-472.804952767,-786.879582045;
-454.0,-786.351066636;
-435.843848601,-786.283116718;
-417.360219317,-784.940410052;
-399.965630271,-784.97674781;
-382.698011147,-784.647202419;
-365.564796406,-783.956235787;
-348.980039759,-783.822002657;
-331.339996959,-780.588115728;
-311.672685722,-771.416967;
0.0,0.0;
0.0,0.0;
0.0,0.0;
0.0,0.0;
0.0,0.0;
0.0,0.0;
0.0,0.0;
0.0,0.0;
0.0,0.0;
0.0,0.0;
0.0,0.0;
0.0,0.0;
0.0,0.0;
0.0,0.0;
0.0,0.0;
0.0,0.0;
0.0,0.0;
-208.432343547,-2980.72138218;
-155.385454085,-2964.93108869;
-103.61660571,-2967.19136542;
-51.7289326801,-2963.54856844;
-5.4594754306e-13,-2972.0;
51.7289326801,-2963.54856844;
102.395123325,-2932.21268647;
153.710703486,-2932.97494357;
205.153789281,-2933.83587181;
255.802104964,-2923.8314389;
308.254438176,-2932.84506944;
359.636432389,-2929.00369349;
411.813205741,-2930.20321541;
461.950975264,-2916.64366978;
512.78306865,-2908.13729465;
0.0,0.0;
0.0,0.0;
0.0,0.0;
0.0,0.0;
0.0,0.0;
0.0,0.0;
0.0,0.0;
961.042852506,-2957.78576568;
0.0,0.0;
0.0,0.0;
0.0,0.0;
0.0,0.0;
0.0,0.0;
0.0,0.0;
966.105346339,-2071.81960117;
0.0,0.0;
968.361735944,-1900.51691609;
973.684021218,-1831.23330759;
968.649621252,-1747.49017486;
0.0,0.0;
975.997151955,-1624.33203483;
975.051446189,-1560.40849693;
977.627067852,-1505.41366946;
977.469195267,-1449.15767683;
979.094976851,-1398.2925396;
978.074659815,-1346.20427864;
977.949412622,-1297.78270383;
977.054761342,-1250.57306597;
976.705246909,-1206.13053218;
977.037166724,-1164.38755354;
976.215835138,-1123.00785537;
977.59981589,-1085.73459002;
979.34964505,-1050.22391553;
978.078985606,-1012.83043888;
978.635785162,-978.635785162;
979.740808061,-946.124700565;
977.819899065,-911.831807404;
977.978590328,-880.575877968;
977.348906388,-849.596442543;
979.004798306,-821.482565179;
977.649619513,-791.685051941;
979.497366733,-765.26721383;
979.925770828,-738.427033408;
0.0,0.0;
0.0,0.0;
0.0,0.0;
0.0,0.0;
0.0,0.0;
0.0,0.0;
0.0,0.0;
0.0,0.0;
1342.96328874,-714.066246997;
0.0,0.0;
1451.55238477,-707.969402064;
0.0,0.0;
0.0,0.0;
0.0,0.0;
0.0,0.0;
0.0,0.0;
0.0,0.0;
0.0,0.0;
2040.96728397,-663.150469929;
2042.66695874,-624.505961288;
2041.71984217,-585.453743755;
2037.13756764,-545.849366121;
2043.44279954,-509.487512133;
2040.33091566,-471.047507796;
2038.45959993,-433.287963664;
2038.83966002,-396.310283397;
2039.53685649,-359.625375948;
2039.57642333,-323.037170308;
2035.99114933,-286.139895574;
2037.69724932,-250.197762011;
2039.7644074,-214.387878162;
2035.2257682,-178.059182433;
2034.03309848,-142.233449964;
2036.20562136,-106.713014779;
2031.76155133,-70.9506767962;
2029.69082117,-35.4283850677;
2030.0,0.0;
2027.69112578,35.3934802548;
2028.76337885,70.8459783061;
0.0,0.0;
0.0,0.0;
0.0,0.0;
0.0,0.0;
4428.74092862,543.781010274;
4418.57612272,620.990376484;
4439.65909098,703.172920356;
4455.27027463,785.584355765;
4408.48768086,856.923198236;
4396.7734653,934.563050226;
4448.97371581,1027.12651413;
4408.05348447,1099.05117171;
4417.17880362,1183.57949325;
4407.38487588,1263.79727642;
4414.30275353,1349.587789;
4397.68533135,1428.89458199;
4375.85996787,1506.72941883;
4355.47529734,1585.26336431;
4368.22281558,1676.80363592;
0.0,0.0;
4355.82896654,1848.93970001;
4311.02101462,1919.39021867;
4336.68276097,2022.22838243;
0.0,0.0;
0.0,0.0;
0.0,0.0;
0.0,0.0;
0.0,0.0;
0.0,0.0;
0.0,0.0;
0.0,0.0;
0.0,0.0;
0.0,0.0;
2041.9588938,1483.56997679;
0.0,0.0;
0.0,0.0;
0.0,0.0;
0.0,0.0;
0.0,0.0;
0.0,0.0;
2429.55699678,2265.59855213;
2379.57605952,2297.92988948;
2357.49400848,2357.49400848;
2271.5328714,2352.24114711;
2198.76271284,2357.88433402;
2124.48967519,2359.48482089;
2056.74505589,2366.014534;
1981.07141305,2360.94897369;
0.0,0.0;
0.0,0.0;
0.0,0.0;
979.838015572,1348.63132962;
967.623448124,1381.90949872;
962.930179777,1427.60269994;
953.118311276,1467.6734939;
954.914514148,1528.18266927;
1084.67018576,1805.19433528;
0.0,0.0;
0.0,0.0;
0.0,0.0;
0.0,0.0;
0.0,0.0;
0.0,0.0;
0.0,0.0;
0.0,0.0;
0.0,0.0;
0.0,0.0;
0.0,0.0;
0.0,0.0;
703.631696192,2165.5556876;
647.895697666,2119.17133921;
593.171589718,2068.63516966;
566.554889729,2114.41163375;
0.0,0.0;
0.0,0.0;
591.300848686,2781.85177649;
542.660782851,2791.74770973;
0.0,0.0;
0.0,0.0;
0.0,0.0;
0.0,0.0;
0.0,0.0;
0.0,0.0;
118.167466523,1689.87350114;
87.8197345757,1675.70035932;
58.2123604998,1666.98389947;
29.0582567181,1664.74641244;
1.01768149009e-13,1662.0;
-28.9709946859,1659.74717396;
-57.8982650294,1657.98938202;
-86.8776873633,1657.72502769;
-116.005015836,1658.94901558;
-144.765688704,1654.67939353;
-173.517249024,1650.90634631;
-202.424979396,1648.61915788;
-231.444866897,1646.81579832;
-260.776253222,1646.47646377;
-292.076234836,1656.44664057;
-318.651022279,1639.31739636;
-348.25208212,1638.39723123;
-598.819706663,2593.77311246;
0.0,0.0;
-735.304907136,2744.19527249;
-787.220288213,2745.3634036;
-837.060190621,2737.90051632;
-887.18779085,2730.48325828;
-938.6129893,2725.93005345;
-988.438214211,2715.71167407;
0.0,0.0;
0.0,0.0;
0.0,0.0;
0.0,0.0;
0.0,0.0;
0.0,0.0;
0.0,0.0;
0.0,0.0;
-1260.02020302,2273.13661886;
0.0,0.0;
0.0,0.0;
-1422.83322447,2277.00913818;
-1355.60655815,2087.45104362;
0.0,0.0;
0.0,0.0;
0.0,0.0;
0.0,0.0;
-2080.32012513,2662.68833644;
-2151.646417,2657.06204222;
-2247.18548346,2678.09137314;
-2303.42325079,2649.78533616;
-2392.81104834,2657.48589591;
-2485.88402243,2665.7842424;
-2586.90777159,2678.82141646;
-2651.65042945,2651.65042945;
-2730.61388209,2636.92317426;
0.0,0.0;
0.0,0.0;
0.0,0.0;
0.0,0.0;
0.0,0.0;
0.0,0.0;
0.0,0.0;
0.0,0.0;
0.0,0.0;
0.0,0.0;
0.0,0.0;
0.0,0.0;
0.0,0.0;
0.0,0.0;
0.0,0.0;
0.0,0.0;
0.0,0.0;
0.0,0.0;
0.0,0.0;
0.0,0.0;
0.0,0.0;
0.0,0.0;
0.0,0.0;
0.0,0.0;
0.0,0.0;
0.0,0.0;
0.0,0.0;
0.0,0.0;
0.0,0.0;
0.0,0.0;
0.0,0.0;
0.0,0.0;
0.0,0.0;
0.0,0.0;
0.0,0.0;
0.0,0.0;
-740.439429124,90.9145301802;
0.0,0.0;
-658.484695439,57.6099459562;
-656.397145071,45.8997597236;
-656.099604334,34.3847232516;
-653.60160087,22.8242708434;
-17030.4057916,297.266838846;
-17025.0,2.08496117555e-12;
-17016.4079239,-297.022505156;
-17003.6355309,-593.780036896;
-16985.6897566,-890.182279736;
-621.482403312,-43.4582831426;
-624.614075704,-54.6466507028;
-16925.7681373,-1778.96991635;
-645.154998567,-79.2150732133;
0.0,0.0;
0.0,0.0;
0.0,0.0;
0.0,0.0;
0.0,0.0;
0.0,0.0;
0.0,0.0;
0.0,0.0;
0.0,0.0;
0.0,0.0;
0.0,0.0;
0.0,0.0;
0.0,0.0;
0.0,0.0;
0.0,0.0;
0.0,0.0;
0.0,0.0;
0.0,0.0;
0.0,0.0;
0.0,0.0;
0.0,0.0;
0.0,0.0;
-2386.76601283,-1378.0;
0.0,0.0;
0.0,0.0;
-1216.91099409,-790.271239807;
-1173.08816517,-791.257958411;
-1132.06812521,-792.682635037;
-1090.55490842,-792.33452009;
-1050.20569571,-791.386755445;
-1011.01779688,-789.893672843;
-976.09532759,-790.426411159;
-943.000709479,-791.271547524;
-910.179753749,-791.207188963;
0.0,0.0;
0.0,0.0;
0.0,0.0;
0.0,0.0;
0.0,0.0;
0.0,0.0;
0.0,0.0;
0.0,0.0;
0.0,0.0;
0.0,0.0;
0.0,0.0;
0.0,0.0;
-573.090620985,-788.791569516;
-551.78053177,-788.024266606;
-531.233258297,-787.585693927;
-511.416053879,-787.511663301;
-491.235157944,-786.140585137;
-472.804952767,-786.879582045;
-454.0,-786.351066636;
-436.328658222,-787.157736425;
-417.829690879,-785.823357644;
-400.41962077,-785.867754334;
-383.136382294,-785.545996465;
-365.564796406,-783.956235787;
-348.980039759,-783.822002657;
-331.339996959,-780.588115728;
-311.672685722,-771.416967;
0.0,0.0;
0.0,0.0;
0.0,0.0;
0.0,0.0;
0.0,0.0;
0.0,0.0;
0.0,0.0;
0.0,0.0;
0.0,0.0;
0.0,0.0;
-231.642120387,-1191.69540071;
0.0,0.0;
0.0,0.0;
0.0,0.0;
0.0,0.0;
0.0,0.0;
0.0,0.0;
-208.083561179,-2975.73356193;
-155.59479791,-2968.92560683;
-103.61660571,-2967.19136542;
-51.7463850865,-2964.54841614;
-5.45029057961e-13,-2967.0;
51.6765754608,-2960.54902536;
102.325324332,-2930.21390482;
153.92004731,-2936.96946171;
205.293302229,-2935.83099991;
256.237883678,-2928.81241239;
308.463495103,-2934.83411323;
360.002040419,-2931.98133195;
412.926590549,-2938.12535996;
463.358885449,-2925.53286484;
0.0,0.0;
0.0,0.0;
0.0,0.0;
0.0,0.0;
0.0,0.0;
0.0,0.0;
0.0,0.0;
0.0,0.0;
0.0,0.0;
0.0,0.0;
0.0,0.0;
0.0,0.0;
968.732650574,-2397.69744791;
0.0,0.0;
0.0,0.0;
0.0,0.0;
0.0,0.0;
968.361735944,-1900.51691609;
973.684021218,-1831.23330759;
973.497717455,-1756.23637194;
0.0,0.0;
972.39188543,-1618.33186373;
976.111284718,-1562.10459312;
974.903872677,-1501.22031662;
976.35080946,-1447.49960168;
978.521400415,-1397.47338756;
978.662445067,-1347.01329563;
976.745782576,-1296.18543281;
977.054761342,-1250.57306597;
976.705246909,-1206.13053218;
980.251104772,-1168.21777576;
976.871894167,-1123.76256495;
976.930685284,-1084.9914452;
977.30364997,-1048.02985442;
978.773643977,-1013.54977868;
977.928678381,-977.928678381;
979.740808061,-946.124700565;
977.819899065,-911.831807404;
977.235445503,-879.906747362;
977.348906388,-849.596442543;
978.238753863,-820.83977757;
978.426765474,-792.314372332;
978.70935598,-764.651552354;
979.925770828,-738.427033408;
978.101546199,-710.632370022;
0.0,0.0;
0.0,0.0;
0.0,0.0;
0.0,0.0;
0.0,0.0;
0.0,0.0;
0.0,0.0;
1341.19739355,-713.127303872;
1390.86118426,-708.679170093;
0.0,0.0;
0.0,0.0;
0.0,0.0;
0.0,0.0;
0.0,0.0;
0.0,0.0;
0.0,0.0;
0.0,0.0;
2041.91834049,-663.459486923;
2043.62326349,-624.798332992;
2042.68110387,-585.729381111;
2037.13756764,-545.849366121;
2041.50220808,-509.003668342;
2037.40780547,-470.372654633;
2041.39404273,-433.911698737;
2040.80291439,-396.691901388;
2040.52166424,-359.799024126;
2038.58873499,-322.880735843;
2039.95222161,-286.696587978;
2034.71961086,-249.832153981;
2034.79179792,-213.865235846;
2033.23337881,-177.884870948;
2034.03309848,-142.233449964;
2035.20699183,-106.660678823;
2033.76033298,-71.0204757896;
2030.69066886,-35.4458374741;
2033.0,0.0;
2030.69066886,35.4458374741;
0.0,0.0;
0.0,0.0;
0.0,0.0;
0.0,0.0;
0.0,0.0;
4420.80055941,542.806055527;
0.0,0.0;
4450.52366272,704.893699471;
4448.37662036,784.368818522;
4408.48768086,856.923198236;
4436.87751693,943.087429549;
4437.28127503,1024.42710148;
4422.60792037,1102.68000014;
4402.68991623,1179.69720758;
4437.18398845,1272.34203445;
4388.48252511,1341.69375297;
4374.85997496,1421.47817412;
4393.82482081,1512.91521376;
4385.54546121,1596.2080089;
4357.01985046,1672.50322053;
0.0,0.0;
4325.45230637,1836.04557277;
4353.04410567,1938.10010426;
0.0,0.0;
0.0,0.0;
0.0,0.0;
0.0,0.0;
0.0,0.0;
0.0,0.0;
0.0,0.0;
0.0,0.0;
0.0,0.0;
0.0,0.0;
0.0,0.0;
2050.85808074,1490.03561456;
0.0,0.0;
0.0,0.0;
0.0,0.0;
0.0,0.0;
0.0,0.0;
0.0,0.0;
2442.72136341,2277.87452261;
2391.08549633,2309.04442341;
2364.56507629,2364.56507629;
2278.47945511,2359.43454511;
2202.854703,2362.27245623;
2125.8279364,2360.97111054;
2063.9617052,2374.31633938;
0.0,0.0;
0.0,0.0;
0.0,0.0;
0.0,0.0;
981.013586076,1350.24936361;
0.0,0.0;
960.134215259,1423.45751208;
954.207589346,1469.35083504;
957.034191205,1531.57486166;
1091.36568073,1816.33751019;
0.0,0.0;
0.0,0.0;
0.0,0.0;
0.0,0.0;
0.0,0.0;
0.0,0.0;
0.0,0.0;
0.0,0.0;
0.0,0.0;
0.0,0.0;
0.0,0.0;
0.0,0.0;
702.704645209,2162.70251806;
646.433839142,2114.38981543;
0.0,0.0;
565.260794504,2109.58200462;
0.0,0.0;
0.0,0.0;
591.924583758,2784.78621929;
0.0,0.0;
0.0,0.0;
0.0,0.0;
0.0,0.0;
0.0,0.0;
0.0,0.0;
0.0,0.0;
117.818684154,1684.88568089;
0.0,0.0;
58.2821594932,1668.98268112;
29.0408043116,1663.74656474;
1.01645684329e-13,1660.0;
-28.9709946859,1659.74717396;
-57.9331645262,1658.98877285;
-86.8776873633,1657.72502769;
-115.935259363,1657.95145153;
-144.504221476,1651.69080944;
-173.412720561,1649.91182442;
-202.424979396,1648.61915788;
-231.584039998,1647.80606639;
-260.619818757,1645.48877543;
-289.992456704,1644.62894753;
-319.03264027,1641.28065072;
-348.25208212,1638.39723123;
-596.795147174,2585.00378188;
-593.676331802,2381.10571228;
-738.410735677,2755.7863824;
-786.393376146,2742.47961851;
-836.183075507,2735.03160205;
-885.642705879,2725.7279757;
-937.636284837,2723.09349773;
-988.096194068,2714.77198145;
0.0,0.0;
0.0,0.0;
0.0,0.0;
0.0,0.0;
0.0,0.0;
0.0,0.0;
0.0,0.0;
0.0,0.0;
-1267.29234732,2286.25591446;
0.0,0.0;
0.0,0.0;
-1412.23483918,2260.04817626;
-1357.24047526,2089.96705532;
0.0,0.0;
0.0,0.0;
0.0,0.0;
0.0,0.0;
-2088.3237243,2672.93247623;
-2162.34486365,2670.27352357;
-2240.11481976,2669.66488427;
-2306.70354593,2653.55888406;
-2397.49496258,2662.68790969;
-2477.70004211,2657.00799798;
-2570.93062907,2662.27660105;
-2655.18596336,2655.18596336;
-2732.77190149,2639.00714937;
-2827.41341046,2636.60566;
0.0,0.0;
0.0,0.0;
0.0,0.0;
0.0,0.0;
0.0,0.0;
0.0,0.0;
0.0,0.0;
0.0,0.0;
0.0,0.0;
0.0,0.0;
0.0,0.0;
0.0,0.0;
0.0,0.0;
0.0,0.0;
0.0,0.0;
0.0,0.0;
0.0,0.0;
0.0,0.0;
0.0,0.0;
0.0,0.0;
0.0,0.0;
0.0,0.0;
0.0,0.0;
0.0,0.0;
0.0,0.0;
0.0,0.0;
0.0,0.0;
0.0,0.0;
0.0,0.0;
0.0,0.0;
0.0,0.0;
0.0,0.0;
0.0,0.0;
0.0,0.0;
0.0,0.0;
-740.439429124,90.9145301802;
0.0,0.0;
-658.484695439,57.6099459562;
-656.397145071,45.8997597236;
-656.099604334,34.3847232516;
-651.602819216,22.75447185;
-17030.4057916,297.266838846;
-17024.0,2.08483871087e-12;
-17017.4077716,-297.039957563;
-17002.6361401,-593.7451374;
-16986.6883862,-890.234615692;
-621.482403312,-43.4582831426;
-624.614075704,-54.6466507028;
-16925.7681373,-1778.96991635;
-645.154998567,-79.2150732133;
0.0,0.0;
0.0,0.0;
0.0,0.0;
0.0,0.0;
0.0,0.0;
0.0,0.0;
0.0,0.0;
0.0,0.0;
0.0,0.0;
0.0,0.0;
0.0,0.0;
0.0,0.0;
0.0,0.0;
0.0,0.0;
0.0,0.0;
0.0,0.0;
0.0,0.0;
0.0,0.0;
0.0,0.0;
0.0,0.0;
0.0,0.0;
0.0,0.0;
0.0,0.0;
0.0,0.0;
0.0,0.0;
-1214.39498238,-788.637322702;
0.0,0.0;
-1130.42982112,-791.535482164;
-1090.55490842,-792.33452009;
-1049.4070602,-790.784940422;
-1011.80580763,-790.509334318;
-977.649619513,-791.685051941;
-943.000709479,-791.271547524;
-911.689172909,-792.519307021;
0.0,0.0;
0.0,0.0;
0.0,0.0;
0.0,0.0;
0.0,0.0;
0.0,0.0;
0.0,0.0;
0.0,0.0;
0.0,0.0;
0.0,0.0;
0.0,0.0;
0.0,0.0;
-573.090620985,-788.791569516;
0.0,0.0;
-532.351644104,-789.243769072;
-511.960692914,-788.350333869;
-491.765077208,-786.988633233;
-473.319990842,-787.736749345;
-454.0,-786.351066636;
-435.843848601,-786.283116718;
-417.829690879,-785.823357644;
-399.965630271,-784.97674781;
-382.698011147,-784.647202419;
-365.564796406,-783.956235787;
-348.980039759,-783.822002657;
-330.94926583,-779.667610874;
-312.047292315,-772.344150854;
0.0,0.0;
0.0,0.0;
0.0,0.0;
0.0,0.0;
0.0,0.0;
0.0,0.0;
0.0,0.0;
0.0,0.0;
0.0,0.0;
0.0,0.0;
-232.023738378,-1193.65865507;
0.0,0.0;
0.0,0.0;
0.0,0.0;
0.0,0.0;
0.0,0.0;
0.0,0.0;
-207.525509389,-2967.75304952;
-155.542461954,-2967.92697729;
-103.337409736,-2959.1962388;
-51.7463850865,-2964.54841614;
-5.4594754306e-13,-2972.0;
51.8336471187,-2969.54765461;
102.255525338,-2928.21512317;
153.763039442,-2933.97357311;
205.851354019,-2943.81151232;
256.063572193,-2926.82002299;
308.672552029,-2936.82315702;
360.611387136,-2936.94406271;
412.230725044,-2933.17401961;
463.358885449,-2925.53286484;
511.393883229,-2900.25883262;
0.0,0.0;
0.0,0.0;
0.0,0.0;
0.0,0.0;
0.0,0.0;
0.0,0.0;
0.0,0.0;
961.660886495,-2959.68787871;
0.0,0.0;
0.0,0.0;
0.0,0.0;
0.0,0.0;
0.0,0.0;
0.0,0.0;
0.0,0.0;
0.0,0.0;
969.269716944,-1902.29892914;
973.684021218,-1831.23330759;
973.497717455,-1756.23637194;
0.0,0.0;
973.936999655,-1620.90336563;
970.282172811,-1552.77606406;
975.993150747,-1502.89765776;
965.726144294,-1431.7478878;
975.653518233,-1393.37762734;
979.250230319,-1347.82231263;
975.542152529,-1294.58816179;
977.054761342,-1250.57306597;
976.075926518,-1205.35338622;
977.037166724,-1164.38755354;
974.90371708,-1121.49843621;
976.930685284,-1084.9914452;
977.98564833,-1048.76120812;
978.773643977,-1013.54977868;
980.049998725,-980.049998725;
979.021468261,-945.430042195;
977.819899065,-911.831807404;
977.235445503,-879.906747362;
978.103615969,-850.252501572;
979.004798306,-821.482565179;
977.649619513,-791.685051941;
978.70935598,-764.651552354;
979.925770828,-738.427033408;
0.0,0.0;
0.0,0.0;
0.0,0.0;
0.0,0.0;
0.0,0.0;
0.0,0.0;
0.0,0.0;
0.0,0.0;
1342.96328874,-714.066246997;
1391.75219078,-709.133160593;
0.0,0.0;
0.0,0.0;
0.0,0.0;
0.0,0.0;
0.0,0.0;
0.0,0.0;
0.0,0.0;
0.0,0.0;
2042.869397,-663.768503917;
2039.79804447,-623.628846174;
2042.68110387,-585.729381111;
2031.34201269,-544.296451851;
2042.47250381,-509.245590237;
2039.3565456,-470.822556742;
2039.43774753,-433.495875355;
2037.85803284,-396.119474402;
2041.50647199,-359.972672304;
2039.57642333,-323.037170308;
2035.00088126,-286.000722473;
2037.69724932,-250.197762011;
2038.7698855,-214.283349699;
2038.2143523,-178.320649662;
2033.03553443,-142.163693491;
2038.20288043,-106.817686692;
2033.76033298,-71.0204757896;
2033.69021195,-35.4981946934;
2030.0,0.0;
2026.69127808,35.3760278484;
2026.76459719,70.7761793127;
0.0,0.0;
0.0,0.0;
0.0,0.0;
0.0,0.0;
4420.80055941,542.806055527;
0.0,0.0;
4428.79451923,701.45214124;
4455.27027463,785.584355765;
4415.35907115,858.258861204;
4443.72455013,944.542811385;
4430.46068458,1022.8524441;
4422.60792037,1102.68000014;
4384.33732553,1174.77964572;
4421.80380132,1267.93183676;
4428.64732486,1353.97336457;
4401.48955741,1430.13064997;
4386.26067221,1510.31066853;
4404.33931362,1603.04841177;
4364.48849387,1675.37016412;
0.0,0.0;
4359.51098595,1850.50262453;
4311.02101462,1919.39021867;
4355.7152245,2031.10336593;
0.0,0.0;
0.0,0.0;
0.0,0.0;
0.0,0.0;
0.0,0.0;
0.0,0.0;
0.0,0.0;
0.0,0.0;
0.0,0.0;
0.0,0.0;
2042.7679108,1484.15776204;
0.0,0.0;
0.0,0.0;
0.0,0.0;
0.0,0.0;
0.0,0.0;
0.0,0.0;
0.0,0.0;
2396.84021473,2314.60169037;
2368.80771697,2368.80771697;
2278.47945511,2359.43454511;
2200.12670956,2359.34704142;
2129.84272004,2365.42997949;
2056.74505589,2366.014534;
0.0,0.0;
0.0,0.0;
0.0,0.0;
0.0,0.0;
979.250230319,1347.82231263;
0.0,0.0;
959.575022356,1422.6284745;
950.939755136,1464.31881163;
0.0,0.0;
1093.94087111,1820.62334669;
0.0,0.0;
0.0,0.0;
0.0,0.0;
0.0,0.0;
0.0,0.0;
0.0,0.0;
0.0,0.0;
0.0,0.0;
0.0,0.0;
0.0,0.0;
0.0,0.0;
0.0,0.0;
704.867764169,2169.35991367;
0.0,0.0;
604.748358662,2109.00816089;
565.001975459,2108.61607879;
0.0,0.0;
0.0,0.0;
592.756230521,2788.69880969;
539.226220934,2774.07842042;
0.0,0.0;
0.0,0.0;
0.0,0.0;
0.0,0.0;
0.0,0.0;
0.0,0.0;
0.0,0.0;
87.6103907507,1671.70584118;
58.1774610031,1665.98450864;
29.0408043116,1663.74656474;
1.01706916669e-13,1661.0;
-28.936089873,1657.74747857;
-57.9331645262,1658.98877285;
-86.7730154508,1655.72776862;
-115.586476994,1652.96363128;
-145.027155932,1657.66797762;
-173.621777488,1651.90086821;
-202.546848739,1649.61170403;
-231.584039998,1647.80606639;
-260.463384292,1644.50108709;
-289.992456704,1644.62894753;
-318.651022279,1639.31739636;
-347.836258738,1636.44093603;
-599.719510881,2597.67059272;
0.0,0.0;
-736.340183317,2748.05897579;
-787.220288213,2745.3634036;
-837.060190621,2737.90051632;
-889.041892817,2736.18959738;
-936.985148528,2721.20246057;
-989.122254498,2717.59105931;
0.0,0.0;
0.0,0.0;
0.0,0.0;
0.0,0.0;
0.0,0.0;
0.0,0.0;
0.0,0.0;
0.0,0.0;
-1271.65563391,2294.12749183;
0.0,0.0;
0.0,0.0;
-1425.48282079,2281.24937866;
-1363.23150464,2099.19243157;
0.0,0.0;
0.0,0.0;
0.0,0.0;
0.0,0.0;
-2085.24541693,2668.99242247;
-2178.70719381,2690.47931856;
-2245.25712064,2675.79323981;
-2299.48689661,2645.25707868;
-2402.17887683,2667.88992346;
-2490.65801095,2670.90371831;
-2566.06802048,2657.24122245;
-2649.52910911,2649.52910911;
-2742.12331889,2648.03770819;
-2829.60747156,2638.65165508;
0.0,0.0;
0.0,0.0;
0.0,0.0;
0.0,0.0;
0.0,0.0;
0.0,0.0;
0.0,0.0;
0.0,0.0;
0.0,0.0;
0.0,0.0;
0.0,0.0;
0.0,0.0;
0.0,0.0;
0.0,0.0;
0.0,0.0;
0.0,0.0;
0.0,0.0;
0.0,0.0;
0.0,0.0;
0.0,0.0;
0.0,0.0;
0.0,0.0;
0.0,0.0;
0.0,0.0;
0.0,0.0;
0.0,0.0;
0.0,0.0;
0.0,0.0;
0.0,0.0;
0.0,0.0;
0.0,0.0;
0.0,0.0;
0.0,0.0;
0.0,0.0;
0.0,0.0;
-739.446882973,90.7926608368;
0.0,0.0;
-658.484695439,57.6099459562;
-657.394709121,45.9695161974;
-657.098233869,34.4370592079;
-652.602210043,22.7893713467;
-17029.4059439,297.24938644;
-17024.0,2.08483871087e-12;
-17015.4080762,-297.00505275;
-17002.6361401,-593.7451374;
-16986.6883862,-890.234615692;
-622.479967362,-43.5280396163;
-624.614075704,-54.6466507028;
-16926.7626592,-1779.07444482;
-16906.0386009,-2075.80052622;
0.0,0.0;
0.0,0.0;
0.0,0.0;
0.0,0.0;
0.0,0.0;
0.0,0.0;
0.0,0.0;
0.0,0.0;
0.0,0.0;
0.0,0.0;
0.0,0.0;
0.0,0.0;
0.0,0.0;
0.0,0.0;
0.0,0.0;
0.0,0.0;
0.0,0.0;
0.0,0.0;
0.0,0.0;
0.0,0.0;
-2397.20271461,-1274.61529296;
0.0,0.0;
-2391.96216525,-1381.0;
0.0,0.0;
0.0,0.0;
-1216.91099409,-790.271239807;
-1172.25912759,-790.698765508;
-1130.42982112,-791.535482164;
-1091.36392541,-792.922305343;
-1051.00433122,-791.988570468;
-1013.38182914,-791.740657269;
-976.872473551,-791.05573155;
-943.000709479,-791.271547524;
-910.934463329,-791.863247992;
0.0,0.0;
0.0,0.0;
0.0,0.0;
0.0,0.0;
0.0,0.0;
0.0,0.0;
0.0,0.0;
0.0,0.0;
0.0,0.0;
0.0,0.0;
0.0,0.0;
0.0,0.0;
-573.090620985,-788.791569516;
-551.78053177,-788.024266606;
-531.233258297,-787.585693927;
-511.416053879,-787.511663301;
-491.235157944,-786.140585137;
-472.804952767,-786.879582045;
-454.5,-787.21709204;
-436.328658222,-787.157736425;
-418.299162442,-786.706305237;
-400.41962077,-785.867754334;
-382.698011147,-784.647202419;
-365.987414667,-784.862543574;
-348.980039759,-783.822002657;
-331.339996959,-780.588115728;
-311.672685722,-771.416967;
0.0,0.0;
0.0,0.0;
0.0,0.0;
0.0,0.0;
0.0,0.0;
0.0,0.0;
0.0,0.0;
0.0,0.0;
0.0,0.0;
0.0,0.0;
0.0,0.0;
0.0,0.0;
0.0,0.0;
0.0,0.0;
0.0,0.0;
0.0,0.0;
0.0,0.0;
-208.432343547,-2980.72138218;
-155.59479791,-2968.92560683;
-103.442108226,-2962.19441128;
-51.7463850865,-2964.54841614;
-5.45029057961e-13,-2967.0;
51.7289326801,-2963.54856844;
102.325324332,-2930.21390482;
153.606031573,-2930.9776845;
205.293302229,-2935.83099991;
255.97641645,-2925.8238283;
309.090665882,-2940.8012446;
360.002040419,-2931.98133195;
412.091551943,-2932.18375154;
462.420278659,-2919.6067348;
511.393883229,-2900.25883262;
0.0,0.0;
0.0,0.0;
0.0,0.0;
0.0,0.0;
0.0,0.0;
0.0,0.0;
0.0,0.0;
0.0,0.0;
0.0,0.0;
0.0,0.0;
0.0,0.0;
0.0,0.0;
0.0,0.0;
0.0,0.0;
0.0,0.0;
0.0,0.0;
968.815726444,-1901.40792262;
970.397720278,-1825.05267444;
971.558478974,-1752.73789311;
0.0,0.0;
973.936999655,-1620.90336563;
976.641203982,-1562.95264122;
977.627067852,-1505.41366946;
979.146773977,-1451.64478954;
977.374247542,-1395.83508347;
975.723518806,-1342.96821066;
976.745782576,-1296.18543281;
977.670422817,-1251.36107673;
977.963887691,-1207.6848241;
976.394379114,-1163.6215091;
976.871894167,-1123.76256495;
976.930685284,-1084.9914452;
978.66764669,-1049.49256182;
978.773643977,-1013.54977868;
977.2215716,-977.2215716;
979.740808061,-946.124700565;
979.282606468,-913.195804124;
977.978590328,-880.575877968;
978.858325549,-850.908560601;
978.238753863,-820.83977757;
979.203911436,-792.943692723;
979.497366733,-765.26721383;
979.925770828,-738.427033408;
0.0,0.0;
0.0,0.0;
0.0,0.0;
0.0,0.0;
0.0,0.0;
0.0,0.0;
0.0,0.0;
0.0,0.0;
1341.19739355,-713.127303872;
1391.75219078,-709.133160593;
1451.55238477,-707.969402064;
0.0,0.0;
0.0,0.0;
0.0,0.0;
0.0,0.0;
0.0,0.0;
0.0,0.0;
0.0,0.0;
2033.35883184,-660.678333974;
0.0,0.0;
2043.64236556,-586.005018467;
2035.20571599,-545.331728031;
2041.50220808,-509.003668342;
2037.40780547,-470.372654633;
2041.39404273,-433.911698737;
2038.83966002,-396.310283397;
2037.56724098,-359.278079593;
2034.63798163,-322.254997983;
2038.96195354,-286.557414877;
2036.70470317,-250.075892667;
2037.77536361,-214.178821235;
2035.2257682,-178.059182433;
2034.03309848,-142.233449964;
2035.20699183,-106.660678823;
2034.75972381,-71.0553752863;
2029.69082117,-35.4283850677;
