617.4899377,152.444078151;
614.735222676,163.21499795;
-1.0,0.0;
609.621098494,184.894224015;
607.253131633,195.8293335;
603.742798614,206.414988614;
600.988862678,217.277263447;
597.105165748,227.75032537;
595.823839315,239.27035927;
591.557096595,249.64992945;
588.939123845,260.762018242;
587.020666433,272.278709869;
583.979125098,283.371528562;
581.621181846,294.892452369;
578.154272878,305.949878587;
574.478339897,316.975835528;
572.328160011,328.961731723;
569.075306958,340.455789195;
565.595112726,351.936042819;
562.727206547,363.940430014;
559.611856192,375.951255745;
557.068664236,388.534896757;
554.255760498,401.143416292;
550.371268718,413.171543105;
548.604081764,427.026174032;
544.183071891,439.061975265;
541.043955681,452.354230786;
536.092603695,464.361427184;
527.906577529,473.664261103;
-1.0,0.0;
-1.0,0.0;
-1.0,0.0;
-1.0,0.0;
-1.0,0.0;
517.778563093,573.060033919;
512.304856021,587.297305276;
509.070190274,604.573734952;
506.64950064,623.464501395;
504.340079501,643.238217187;
-1.0,0.0;
-1.0,0.0;
-1.0,0.0;
-1.0,0.0;
-1.0,0.0;
370.471735668,590.942255723;
354.41107834,587.921734071;
339.07306267,585.38817211;
323.933272289,582.500960136;
307.583810908,576.621220252;
292.453189668,572.131300904;
278.015597975,568.189489595;
262.956225255,562.110408326;
249.423150742,558.41941726;
236.100434988,554.429782505;
222.994335963,550.147741481;
210.4718311,546.512273102;
198.14533183,542.609562033;
186.348417745,539.389998395;
174.413673554,534.975740693;
163.280712486,532.222554487;
152.297822618,529.245479509;
141.207985241,525.083697075;
130.555193885,521.667740005;
120.065400711,518.041667002;
109.742663838,514.210134484;
99.9778165608,512.140098569;
90.3191924876,509.8870513;
80.6110982682,506.466809021;
71.0504459718,502.864527716;
61.8896741944,501.06874666;
52.7064463895,498.113057063;
43.6456737957,494.990670429;
34.7103564797,491.704962798;
25.9584311423,489.257849186;
-1.0,0.0;
8.76647083374,484.901656058;
0.294227213197,481.99826242;
-8.08846421414,479.947657224;
-16.3347626376,475.752924379;
-24.3375345066,469.420237616;
-1.0,0.0;
-1.0,0.0;
-1.0,0.0;
-1.0,0.0;
-1.0,0.0;
-1.0,0.0;
-81.3715162026,463.077120341;
-88.6883952593,457.675371128;
-96.0467229886,453.139184412;
-103.940616131,451.411375079;
-111.803152565,449.546061468;
-119.375712799,446.577194469;
-127.151530308,444.443237547;
-134.888920839,442.173898909;
-142.585527507,439.769869819;
-150.239005853,437.231882566;
-158.186520275,435.501317844;
-165.76312601,432.691705846;
-173.661658944,430.678478137;
-181.539995637,428.521072965;
-189.395504652,426.219584049;
-197.225551711,423.774153124;
-205.027500565,421.184970071;
-213.250310281,419.344495356;
-221.470752203,417.344758471;
-229.203303204,414.309367993;
-237.394587849,411.998299554;
-246.087149451,410.385537238;
-254.267317171,407.744608858;
-262.972023393,405.782773118;
-272.24186896,404.471072542;
-282.116425301,403.779092359;
-293.219802525,404.485583195;
-303.832553365,404.125530773;
-315.134196989,404.306450953;
-327.160324483,404.993139119;
-1.0,0.0;
-1.0,0.0;
-1.0,0.0;
-1.0,0.0;
-1.0,0.0;
-369.822511264,370.808515524;
-382.695086435,370.584485632;
-397.85878131,372.074062113;
-411.705380066,371.802488944;
-424.908183168,370.500812744;
-435.895644991,366.915219047;
-431.376614769,350.429692606;
-430.34971465,337.30523644;
-428.997960513,324.325061931;
-427.326104906,311.496472332;
-426.156664651,299.40242234;
-425.524472402,288.006896327;
-423.788587687,276.178945833;
-422.617827149,265.032842927;
-422.044385972,254.530204575;
-421.234345119,244.129259169;
-419.317780967,233.347882199;
-418.918132109,223.652486805;
-417.419049491,213.586458421;
-416.595155897,204.082498993;
-415.567740763,194.673029254;
-413.427412747,184.953045973;
-411.995211907,175.761018971;
-411.295369488,167.053014868;
-410.417897426,158.423436609;
-1.0,0.0;
-408.140261485,141.413604288;
-406.745366387,133.04021067;
-406.138892464,125.05389963;
-404.417606885,116.851334845;
-403.499819265,109.008694569;
-401.462410078,100.989396049;
-400.242638103,93.3022825031;
-399.855009258,85.8992525589;
-398.350076476,78.3448576765;
-396.703850623,70.8693347104;
-395.905893973,63.6343846146;
-394.976539431,56.4489714504;
-393.917274609,49.3154672891;
-392.729629706,42.2362073403;
-390.419219593,35.1236588614;
-385.986035781,27.9598328624;
-381.422939877,20.9615556433;
-1.0,0.0;
-1.0,0.0;
-1.0,0.0;
-1.0,0.0;
-1.0,0.0;
-1.0,0.0;
-1.0,0.0;
-385.620100329,-32.6094836321;
-1.0,0.0;
-379.283396554,-45.4166477397;
-377.442514169,-51.8751725375;
-376.479833556,-58.437099455;
-374.417507679,-64.81022264;
-373.229540037,-71.317385844;
-371.928187672,-77.8028250814;
-370.513846987,-84.2645648245;
-369.957890622,-90.9399524293;
-368.314575537,-97.3653048994;
-366.559372874,-103.760998954;
-365.649903646,-110.414889263;
-364.61924301,-117.068553047;
-362.52073407,-123.396753757;
-361.252710009,-130.026862344;
-360.79763877,-137.006055105;
-359.279940864,-143.636638691;
-357.640118791,-150.255867336;
-356.792742908,-157.265775343;
-354.90132702,-163.871445754;
-353.787410828,-170.894829533;
-351.643375904,-177.477387107;
-350.26097372,-184.504125255;
-349.615493576,-192.018847093;
-347.945936467,-199.06912661;
-348.711595358,-207.657522024;
-349.2818534,-216.332500084;
-349.653935495,-225.089833764;
-350.655691047,-234.48219062;
-352.254982784,-244.548435018;
-352.797080374,-254.155098789;
-1.0,0.0;
-1.0,0.0;
-1.0,0.0;
-324.230177538,-269.746644704;
-1.0,0.0;
-324.30345725,-289.535618759;
-325.066581764,-300.57420146;
-326.262303752,-312.418683433;
-326.432330068,-323.68935501;
-324.913131239,-333.624464647;
-323.145005984,-343.603834554;
-321.125969722,-353.62178031;
-318.854160844,-363.672562114;
-316.972684241,-374.514703067;
-314.808211217,-385.400319892;
-312.976454949,-397.109168312;
-310.830087097,-408.869560043;
-308.956739692,-421.481490078;
-306.73593512,-434.150363326;
-304.165154028,-446.867865686;
-301.242061906,-459.625613149;
-297.964510749,-472.415155722;
-295.365216267,-486.93954394;
-292.84999913,-502.378918753;
-289.883703849,-517.875666208;
-286.463617125,-533.418712924;
-283.043656632,-549.886693559;
-256.213319475,-519.718348303;
-243.278660862,-515.946751604;
-230.554554847,-511.884465821;
-218.440365752,-508.457163723;
-206.51668872,-504.765183682;
-194.789032937,-500.814147877;
-184.296395387,-499.426102079;
-173.255550466,-495.93651341;
-162.704612033,-493.165913712;
-152.303421015,-490.179839232;
-142.056254206,-486.982682597;
-132.228692262,-484.544146933;
-122.529612194,-481.912391789;
-112.962739004,-479.091165724;
-103.742243257,-477.061873818;
-94.6269410257,-474.857869172;
-85.6201011468,-472.482209699;
-76.4067457683,-467.963484358;
-67.2353509229,-462.27900481;
-1.0,0.0;
-1.0,0.0;
-1.0,0.0;
-1.0,0.0;
-1.0,0.0;
-1.0,0.0;
-1.0,0.0;
-1.0,0.0;
247.672185212,-16837.16375;
13.4649336645,-448.766939172;
21.0961762881,-444.45107604;
28.7153964652,-442.002257022;
36.2559126471,-439.4234825;
43.7155202516,-436.716752883;
51.3304681305,-435.869845373;
58.6564484181,-432.908891295;
66.2026643732,-431.801808589;
73.3864032939,-428.592653933;
80.8550470768,-427.229155452;
88.0934725206,-424.756816489;
95.4929317516,-423.137228476;
102.862998301,-421.388748763;
109.945202688,-418.545292651;
117.505983016,-417.507283756;
124.774440788,-415.375480794;
132.004586446,-413.117150436;
139.194217619,-410.732980592;
146.680639999,-409.164305102;
154.154909158,-407.459144166;
161.614536549,-405.617446004;
169.057028148,-403.639204213;
176.479885284,-401.524457935;
184.300788661,-400.180731322;
193.000508015,-400.485708721;
201.766785779,-400.607826415;
211.06296928,-401.429068529;
220.931330811,-402.922429761;
8385.28463127,-14615.9649385;
-1.0,0.0;
-1.0,0.0;
9125.71477771,-14136.8669219;
-1.0,0.0;
258.975555918,-373.413591511;
269.552201937,-374.493666204;
280.244490154,-375.316582045;
289.819549556,-374.299331546;
298.189374573,-371.503321846;
307.190347037,-369.296236094;
316.204636879,-366.887201116;
325.227920675,-364.275093538;
334.25584009,-361.45887966;
343.976728048,-359.158818777;
354.423605501,-357.337460467;
364.910703161,-355.259563294;
374.702706571,-352.239231596;
385.982325622,-350.326532904;
395.802153693,-346.809819389;
407.144594771,-344.345741601;
418.52026773,-341.590024684;
430.708779017,-339.158561915;
442.141277551,-335.800250342;
455.201229682,-333.324823613;
468.307549057,-330.494212352;
481.451788324,-327.30608296;
495.462638611,-324.305177978;
509.513152151,-320.913261616;
524.449701193,-317.645417905;
539.424826542,-313.952236586;
556.174831435,-310.805738711;
572.09448496,-306.696448151;
589.816771073,-303.037197417;
608.479721067,-299.291612993;
627.187799321,-294.984895857;
647.751970052,-290.932778068;
670.20023421,-287.037010848;
690.852462771,-281.689846741;
-1.0,0.0;
-1.0,0.0;
-1.0,0.0;
-1.0,0.0;
-1.0,0.0;
-1.0,0.0;
710.37258225,-192.660450592;
701.990913576,-177.281627447;
699.135260479,-163.620344195;
696.996266201,-150.323691978;
696.570134258,-137.538750143;
697.87993518,-125.167232946;
696.996167598,-112.473774806;
695.883125024,-99.8494369373;
-1.0,0.0;
658.179554556,-71.0726027071;
657.327632099,-59.377847845;
657.266278796,-47.8069681068;
658.998853698,-36.3663734389;
660.532306921,-24.8798492751;
655.866779443,-13.2300439954;
650.997649581,-1.75069739212;
-1.0,0.0;
-1.0,0.0;
-1.0,0.0;
-1.0,0.0;
-1.0,0.0;
-1.0,0.0;
-1.0,0.0;
-1.0,0.0;
631.387088094,98.4203780295;
628.58782957,109.27106139;
625.602761329,120.054069046;
622.433391944,130.766225796;
620.056254698,141.62672241;
