0.0,0.0;
0.0,0.0;
0.0,0.0;
0.0,0.0;
0.0,0.0;
0.0,0.0;
0.0,0.0;
0.0,0.0;
0.0,0.0;
0.0,0.0;
0.0,0.0;
0.0,0.0;
0.0,0.0;
0.0,0.0;
0.0,0.0;
0.0,0.0;
0.0,0.0;
0.0,0.0;
0.0,0.0;
0.0,0.0;
0.0,0.0;
0.0,0.0;
0.0,0.0;
0.0,0.0;
0.0,0.0;
0.0,0.0;
0.0,0.0;
0.0,0.0;
0.0,0.0;
0.0,0.0;
0.0,0.0;
0.0,0.0;
0.0,0.0;
0.0,0.0;
0.0,0.0;
0.0,0.0;
451.431482861,327.984170779;
0.0,0.0;
13367.8144242,10444.0812674;
451.521803607,365.6351472;
0.0,0.0;
0.0,0.0;
0.0,0.0;
0.0,0.0;
0.0,0.0;
0.0,0.0;
0.0,0.0;
0.0,0.0;
0.0,0.0;
0.0,0.0;
0.0,0.0;
0.0,0.0;
0.0,0.0;
0.0,0.0;
0.0,0.0;
0.0,0.0;
0.0,0.0;
0.0,0.0;
0.0,0.0;
539.759902506,898.311331136;
0.0,0.0;
500.808337714,903.482157475;
479.799937167,902.372439902;
465.340262233,913.281687293;
446.700198578,915.871133179;
428.112299143,918.089788268;
407.956853005,916.286094016;
386.433086076,910.379300064;
0.0,0.0;
0.0,0.0;
5808.18607396,15957.8600862;
189.480665894,550.291810999;
176.757720782,544.004327321;
165.190013168,540.312187119;
153.805644546,536.384026334;
142.868112897,533.191056112;
131.605511206,527.840875094;
122.598324617,531.031685308;
0.0,0.0;
0.0,0.0;
0.0,0.0;
0.0,0.0;
0.0,0.0;
0.0,0.0;
0.0,0.0;
0.0,0.0;
0.0,0.0;
0.0,0.0;
0.0,0.0;
0.0,0.0;
0.0,0.0;
0.0,0.0;
0.0,0.0;
0.0,0.0;
0.0,0.0;
-86.1970295774,985.236556413;
0.0,0.0;
-121.138127345,986.590874731;
-140.147312667,997.199945223;
-157.998809691,997.565224001;
-178.163030286,1010.41275459;
0.0,0.0;
0.0,0.0;
0.0,0.0;
0.0,0.0;
0.0,0.0;
0.0,0.0;
0.0,0.0;
0.0,0.0;
-628.020969948,1823.90533233;
-662.835037765,1821.12429908;
-689.141566976,1795.27516015;
0.0,0.0;
0.0,0.0;
0.0,0.0;
0.0,0.0;
0.0,0.0;
0.0,0.0;
0.0,0.0;
0.0,0.0;
-1025.0,1775.35207776;
0.0,0.0;
-1083.15497609,1733.41030854;
0.0,0.0;
0.0,0.0;
0.0,0.0;
0.0,0.0;
0.0,0.0;
0.0,0.0;
0.0,0.0;
0.0,0.0;
0.0,0.0;
0.0,0.0;
0.0,0.0;
-479.314275617,496.344462234;
-486.489465456,486.489465456;
0.0,0.0;
-503.171346714,469.214871723;
-512.769929579,461.700118388;
-526.032577415,457.273143206;
-536.997154626,450.59411439;
-561.099384172,454.369322338;
0.0,0.0;
0.0,0.0;
0.0,0.0;
0.0,0.0;
0.0,0.0;
0.0,0.0;
0.0,0.0;
0.0,0.0;
0.0,0.0;
0.0,0.0;
0.0,0.0;
0.0,0.0;
0.0,0.0;
0.0,0.0;
0.0,0.0;
0.0,0.0;
0.0,0.0;
0.0,0.0;
0.0,0.0;
0.0,0.0;
0.0,0.0;
0.0,0.0;
0.0,0.0;
0.0,0.0;
0.0,0.0;
0.0,0.0;
0.0,0.0;
0.0,0.0;
0.0,0.0;
0.0,0.0;
0.0,0.0;
0.0,0.0;
0.0,0.0;
0.0,0.0;
0.0,0.0;
0.0,0.0;
-679.585762373,23.7316577577;
0.0,0.0;
-679.0,8.31535176621e-14;
0.0,0.0;
0.0,0.0;
0.0,0.0;
0.0,0.0;
0.0,0.0;
0.0,0.0;
0.0,0.0;
0.0,0.0;
0.0,0.0;
0.0,0.0;
0.0,0.0;
0.0,0.0;
0.0,0.0;
0.0,0.0;
0.0,0.0;
0.0,0.0;
0.0,0.0;
0.0,0.0;
0.0,0.0;
0.0,0.0;
0.0,0.0;
0.0,0.0;
0.0,0.0;
0.0,0.0;
0.0,0.0;
0.0,0.0;
0.0,0.0;
0.0,0.0;
0.0,0.0;
0.0,0.0;
0.0,0.0;
0.0,0.0;
0.0,0.0;
0.0,0.0;
0.0,0.0;
0.0,0.0;
0.0,0.0;
0.0,0.0;
0.0,0.0;
0.0,0.0;
0.0,0.0;
0.0,0.0;
0.0,0.0;
0.0,0.0;
0.0,0.0;
0.0,0.0;
0.0,0.0;
0.0,0.0;
0.0,0.0;
0.0,0.0;
0.0,0.0;
0.0,0.0;
0.0,0.0;
0.0,0.0;
0.0,0.0;
0.0,0.0;
0.0,0.0;
0.0,0.0;
0.0,0.0;
0.0,0.0;
0.0,0.0;
0.0,0.0;
0.0,0.0;
0.0,0.0;
0.0,0.0;
0.0,0.0;
0.0,0.0;
0.0,0.0;
0.0,0.0;
0.0,0.0;
0.0,0.0;
0.0,0.0;
0.0,0.0;
0.0,0.0;
0.0,0.0;
0.0,0.0;
0.0,0.0;
0.0,0.0;
0.0,0.0;
0.0,0.0;
0.0,0.0;
0.0,0.0;
0.0,0.0;
0.0,0.0;
0.0,0.0;
0.0,0.0;
0.0,0.0;
0.0,0.0;
0.0,0.0;
0.0,0.0;
0.0,0.0;
0.0,0.0;
0.0,0.0;
0.0,0.0;
0.0,0.0;
0.0,0.0;
0.0,0.0;
0.0,0.0;
0.0,0.0;
0.0,0.0;
0.0,0.0;
0.0,0.0;
0.0,0.0;
0.0,0.0;
0.0,0.0;
0.0,0.0;
0.0,0.0;
0.0,0.0;
0.0,0.0;
0.0,0.0;
0.0,0.0;
0.0,0.0;
6637.74041078,-15637.5364505;
6899.06693985,-15495.5580525;
7158.30811736,-15351.0412968;
7415.92469023,-15204.8988812;
7671.0774741,-15055.3372392;
231.918952016,-436.176110872;
231.254188858,-417.193600305;
231.0,-400.103736548;
230.222019485,-383.153783414;
229.455041413,-367.204825636;
228.748394706,-352.241638537;
228.150704616,-338.247329602;
227.709845231,-325.203361583;
226.297322133,-311.471542834;
226.282448705,-300.286951778;
225.947761445,-289.199946574;
224.667379605,-277.44110824;
224.332875781,-267.349510649;
223.716128886,-257.355966856;
222.820491917,-247.467226884;
222.33146538,-238.421306728;
0.0,0.0;
221.324422511,-221.324422511;
220.837318704,-213.260119731;
220.137464187,-205.281506379;
219.227723516,-197.393528876;
218.865778265,-190.257118407;
218.322666289,-183.194468761;
217.600869208,-176.209709494;
216.702957242,-169.306905715;
216.430223223,-163.091871274;
216.007537498,-156.938662362;
214.617835604,-150.277026324;
0.0,0.0;
0.0,0.0;
0.0,0.0;
0.0,0.0;
0.0,0.0;
0.0,0.0;
14755.8201719,-7845.80875728;
294.923159506,-150.270855414;
305.589975742,-149.046189908;
318.11403325,-148.339009871;
331.617001124,-147.645401437;
347.950834605,-147.696366569;
367.164806408,-148.344210993;
387.435876996,-148.722699061;
15805.6298816,-5752.77881074;
0.0,0.0;
0.0,0.0;
16125.210795,-4929.97168503;
16234.7487827,-4655.23930239;
16347.3286841,-4380.25351932;
16453.3046305,-4102.26958368;
16557.4705109,-3822.59326647;
639.70853088,-135.974245795;
0.0,0.0;
0.0,0.0;
0.0,0.0;
0.0,0.0;
0.0,0.0;
0.0,0.0;
0.0,0.0;
0.0,0.0;
0.0,0.0;
0.0,0.0;
0.0,0.0;
