0.0,0.0;
0.0,0.0;
0.0,0.0;
0.0,0.0;
0.0,0.0;
0.0,0.0;
0.0,0.0;
0.0,0.0;
0.0,0.0;
0.0,0.0;
0.0,0.0;
0.0,0.0;
0.0,0.0;
0.0,0.0;
0.0,0.0;
0.0,0.0;
0.0,0.0;
0.0,0.0;
0.0,0.0;
0.0,0.0;
0.0,0.0;
0.0,0.0;
0.0,0.0;
0.0,0.0;
0.0,0.0;
0.0,0.0;
0.0,0.0;
0.0,0.0;
0.0,0.0;
0.0,0.0;
0.0,0.0;
0.0,0.0;
0.0,0.0;
0.0,0.0;
0.0,0.0;
0.0,0.0;
0.0,0.0;
0.0,0.0;
0.0,0.0;
0.0,0.0;
0.0,0.0;
0.0,0.0;
0.0,0.0;
0.0,0.0;
0.0,0.0;
0.0,0.0;
0.0,0.0;
0.0,0.0;
0.0,0.0;
0.0,0.0;
0.0,0.0;
0.0,0.0;
0.0,0.0;
0.0,0.0;
0.0,0.0;
0.0,0.0;
0.0,0.0;
0.0,0.0;
0.0,0.0;
0.0,0.0;
0.0,0.0;
0.0,0.0;
0.0,0.0;
0.0,0.0;
0.0,0.0;
0.0,0.0;
0.0,0.0;
0.0,0.0;
0.0,0.0;
0.0,0.0;
0.0,0.0;
0.0,0.0;
0.0,0.0;
0.0,0.0;
0.0,0.0;
0.0,0.0;
0.0,0.0;
0.0,0.0;
0.0,0.0;
0.0,0.0;
0.0,0.0;
0.0,0.0;
0.0,0.0;
0.0,0.0;
0.0,0.0;
0.0,0.0;
0.0,0.0;
0.0,0.0;
0.0,0.0;
0.0,0.0;
0.0,0.0;
0.0,0.0;
0.0,0.0;
0.0,0.0;
0.0,0.0;
0.0,0.0;
0.0,0.0;
0.0,0.0;
0.0,0.0;
0.0,0.0;
0.0,0.0;
0.0,0.0;
0.0,0.0;
0.0,0.0;
0.0,0.0;
0.0,0.0;
0.0,0.0;
0.0,0.0;
0.0,0.0;
0.0,0.0;
0.0,0.0;
0.0,0.0;
0.0,0.0;
0.0,0.0;
0.0,0.0;
0.0,0.0;
0.0,0.0;
0.0,0.0;
0.0,0.0;
0.0,0.0;
0.0,0.0;
0.0,0.0;
0.0,0.0;
0.0,0.0;
0.0,0.0;
0.0,0.0;
0.0,0.0;
0.0,0.0;
0.0,0.0;
0.0,0.0;
0.0,0.0;
0.0,0.0;
0.0,0.0;
0.0,0.0;
0.0,0.0;
0.0,0.0;
0.0,0.0;
0.0,0.0;
0.0,0.0;
0.0,0.0;
0.0,0.0;
0.0,0.0;
0.0,0.0;
0.0,0.0;
0.0,0.0;
0.0,0.0;
0.0,0.0;
0.0,0.0;
0.0,0.0;
0.0,0.0;
0.0,0.0;
0.0,0.0;
0.0,0.0;
0.0,0.0;
0.0,0.0;
0.0,0.0;
0.0,0.0;
0.0,0.0;
0.0,0.0;
0.0,0.0;
0.0,0.0;
0.0,0.0;
0.0,0.0;
0.0,0.0;
0.0,0.0;
0.0,0.0;
0.0,0.0;
0.0,0.0;
0.0,0.0;
0.0,0.0;
0.0,0.0;
0.0,0.0;
0.0,0.0;
0.0,0.0;
0.0,0.0;
0.0,0.0;
0.0,0.0;
0.0,0.0;
0.0,0.0;
0.0,0.0;
0.0,0.0;
0.0,0.0;
0.0,0.0;
0.0,0.0;
0.0,0.0;
0.0,0.0;
0.0,0.0;
0.0,0.0;
0.0,0.0;
0.0,0.0;
0.0,0.0;
0.0,0.0;
0.0,0.0;
0.0,0.0;
0.0,0.0;
0.0,0.0;
0.0,0.0;
0.0,0.0;
0.0,0.0;
0.0,0.0;
0.0,0.0;
0.0,0.0;
0.0,0.0;
0.0,0.0;
0.0,0.0;
0.0,0.0;
0.0,0.0;
0.0,0.0;
0.0,0.0;
0.0,0.0;
0.0,0.0;
0.0,0.0;
0.0,0.0;
0.0,0.0;
0.0,0.0;
0.0,0.0;
0.0,0.0;
0.0,0.0;
0.0,0.0;
0.0,0.0;
0.0,0.0;
0.0,0.0;
0.0,0.0;
0.0,0.0;
0.0,0.0;
0.0,0.0;
0.0,0.0;
0.0,0.0;
0.0,0.0;
0.0,0.0;
0.0,0.0;
0.0,0.0;
0.0,0.0;
0.0,0.0;
0.0,0.0;
0.0,0.0;
0.0,0.0;
0.0,0.0;
0.0,0.0;
0.0,0.0;
0.0,0.0;
0.0,0.0;
0.0,0.0;
0.0,0.0;
0.0,0.0;
0.0,0.0;
0.0,0.0;
0.0,0.0;
0.0,0.0;
0.0,0.0;
0.0,0.0;
0.0,0.0;
0.0,0.0;
0.0,0.0;
0.0,0.0;
0.0,0.0;
0.0,0.0;
0.0,0.0;
0.0,0.0;
0.0,0.0;
0.0,0.0;
0.0,0.0;
0.0,0.0;
0.0,0.0;
0.0,0.0;
0.0,0.0;
0.0,0.0;
0.0,0.0;
0.0,0.0;
0.0,0.0;
0.0,0.0;
0.0,0.0;
0.0,0.0;
0.0,0.0;
0.0,0.0;
0.0,0.0;
0.0,0.0;
0.0,0.0;
0.0,0.0;
0.0,0.0;
0.0,0.0;
0.0,0.0;
0.0,0.0;
0.0,0.0;
0.0,0.0;
0.0,0.0;
0.0,0.0;
0.0,0.0;
0.0,0.0;
0.0,0.0;
0.0,0.0;
0.0,0.0;
0.0,0.0;
0.0,0.0;
0.0,0.0;
0.0,0.0;
0.0,0.0;
0.0,0.0;
0.0,0.0;
0.0,0.0;
0.0,0.0;
0.0,0.0;
0.0,0.0;
0.0,0.0;
0.0,0.0;
0.0,0.0;
0.0,0.0;
0.0,0.0;
0.0,0.0;
0.0,0.0;
0.0,0.0;
0.0,0.0;
0.0,0.0;
0.0,0.0;
0.0,0.0;
0.0,0.0;
0.0,0.0;
0.0,0.0;
0.0,0.0;
0.0,0.0;
0.0,0.0;
0.0,0.0;
0.0,0.0;
0.0,0.0;
0.0,0.0;
0.0,0.0;
0.0,0.0;
0.0,0.0;
0.0,0.0;
0.0,0.0;
0.0,0.0;
0.0,0.0;
0.0,0.0;
0.0,0.0;
0.0,0.0;
0.0,0.0;
0.0,0.0;
0.0,0.0;
0.0,0.0;
0.0,0.0;
0.0,0.0;
0.0,0.0;
0.0,0.0;
0.0,0.0;
0.0,0.0;
0.0,0.0;
0.0,0.0;
0.0,0.0;
0.0,0.0;
0.0,0.0;
0.0,0.0;
0.0,0.0;
0.0,0.0;
0.0,0.0;
0.0,0.0;
0.0,0.0;
0.0,0.0;
0.0,0.0;
0.0,0.0;
0.0,0.0;
3495.0,0.0;
3531.48779881,58.6924428486;
169.0,0.0;
3564.34041817,177.942251226;
3573.68610354,238.078844889;
3560.0467523,296.678148313;
3571.25940405,357.591872839;
3584.3513078,419.352410657;
3563.63893965,477.085390091;
3661.46597234,553.152268382;
169.0,0.0;
169.0,0.0;
169.0,0.0;
169.0,0.0;
2640.34321482,616.175068092;
169.0,0.0;
2420.27489189,645.542687323;
2313.99156763,655.789733693;
2199.50566229,659.751282991;
2116.76826573,670.670398182;
2022.07384819,674.463722638;
1940.00206907,679.824000287;
1870.38237313,687.403098918;
1789.08854208,687.686786141;
1727.50855074,693.892713087;
1649.90692402,690.558239684;
169.0,0.0;
1533.13098853,695.059455101;
1485.47486095,699.982100114;
169.0,0.0;
169.0,0.0;
169.0,0.0;
169.0,0.0;
169.0,0.0;
1246.74884432,726.950774512;
169.0,0.0;
1178.65320898,733.555994861;
1142.53668675,733.612513222;
169.0,0.0;
169.0,0.0;
169.0,0.0;
169.0,0.0;
973.082701167,723.99931608;
950.817107031,729.056246907;
929.342168958,734.253897575;
907.92658634,738.92658634;
883.108804832,739.481314748;
861.228335463,742.324007143;
838.130606359,743.144825477;
816.530261614,744.89835568;
169.0,0.0;
773.776895799,746.83726896;
753.262740084,747.822205173;
733.502491717,749.120108424;
713.876928875,749.958753786;
694.396015698,750.343272569;
675.069577641,750.279003162;
657.541214408,752.287499447;
639.038387375,752.218661291;
620.688391696,751.735722716;
604.5,754.308126696;
584.966654171,750.423708726;
567.581356805,749.622506337;
549.444038782,746.66346727;
531.971309541,744.201470336;
529.070759003,772.174234555;
531.809085624,814.882548217;
534.724336266,861.592542831;
537.612887921,912.348912894;
540.985931628,969.056482704;
545.222157658,1033.66188286;
549.58917256,1105.31121488;
553.108124008,1182.16324975;
1183.23744368,3317.42119844;
1118.01941608,3309.62401912;
1050.02002953,3288.01151269;
169.0,0.0;
905.039849813,3188.13885198;
841.594319795,3164.30748837;
784.549819085,3166.7292938;
169.0,0.0;
169.0,0.0;
169.0,0.0;
169.0,0.0;
169.0,0.0;
169.0,0.0;
401.14954462,3319.89315926;
169.0,0.0;
289.298565134,3444.90018073;
227.186323062,3333.49221565;
169.0,3340.0;
110.534438435,3349.48977877;
52.0866860466,3347.95927051;
-6.53479723883,3349.40345957;
-65.8700470965,3358.79815722;
-124.627697317,3356.17993787;
-183.992620455,3358.50044066;
-243.771466113,3361.75381561;
-303.910197062,3364.93089758;
169.0,0.0;
-426.613249398,3377.89059283;
-486.238090123,3370.90774796;
-548.711156703,3376.56551773;
-613.379767008,3388.85908532;
-674.581649956,3383.42119752;
169.0,0.0;
-264.026285989,1510.14212432;
169.0,0.0;
-934.499686913,3396.22281969;
-989.045925404,3363.20957341;
-1052.35393182,3355.64234883;
-1100.69764524,3307.67545108;
169.0,0.0;
169.0,0.0;
169.0,0.0;
169.0,0.0;
169.0,0.0;
169.0,0.0;
169.0,0.0;
169.0,0.0;
-1558.0,2991.25174467;
-1552.25724635,2864.65311895;
169.0,0.0;
169.0,0.0;
169.0,0.0;
-539.94047533,1012.47192674;
-555.739216077,997.517954064;
-577.250628709,990.308032459;
-593.188906453,975.557312965;
-616.39184803,969.878159898;
169.0,0.0;
-786.22194621,1098.8571488;
169.0,0.0;
-573.014215748,795.712827362;
-577.757748243,773.290285364;
-583.361615182,752.361615182;
-587.026130156,730.085947352;
-601.846801507,718.826271506;
-620.962949482,711.285834559;
-659.671119085,720.352813832;
-1559.19626368,1450.12884745;
-1581.90985116,1417.85884104;
-1604.02419562,1385.23831948;
-1636.71488822,1360.70376735;
-1671.5136622,1337.21144897;
-1714.23054982,1318.65222717;
169.0,0.0;
-1791.81178786,1273.36606387;
-1778.96647687,1217.22454994;
-1367.90097016,923.463268314;
-1785.61933634,1128.5;
-1785.77504546,1083.54950125;
169.0,0.0;
169.0,0.0;
169.0,0.0;
169.0,0.0;
169.0,0.0;
-890.501086324,449.731528891;
169.0,0.0;
-762.713265644,357.651213646;
-765.054465061,339.968022466;
-774.627538448,324.917018148;
-787.762855393,310.871096341;
-814.08128913,300.558112455;
169.0,0.0;
169.0,0.0;
169.0,0.0;
169.0,0.0;
169.0,0.0;
169.0,0.0;
169.0,0.0;
169.0,0.0;
169.0,0.0;
169.0,0.0;
169.0,0.0;
169.0,0.0;
-16627.9834783,1174.5595049;
-269.398365757,22.9754847907;
-261.737446445,15.0416830788;
-256.935118137,7.43472514228;
-253.0,5.1680094924e-14;
-250.936031966,-7.33001070366;
-250.744147348,-14.6577886151;
-251.423034132,-22.0334375783;
-252.96959326,-29.5069883938;
-256.375136085,-37.2155021532;
-262.62250259,-45.3653530582;
-273.675583632,-54.3537271587;
-2325.48526516,-350.577041318;
169.0,0.0;
169.0,0.0;
169.0,0.0;
169.0,0.0;
169.0,0.0;
169.0,0.0;
169.0,0.0;
169.0,0.0;
169.0,0.0;
169.0,0.0;
169.0,0.0;
169.0,0.0;
169.0,0.0;
169.0,0.0;
169.0,0.0;
169.0,0.0;
169.0,0.0;
169.0,0.0;
169.0,0.0;
-980.597765902,-611.251974747;
-962.757901038,-627.343648599;
-952.502897901,-647.5;
-962.460836927,-679.850258881;
-2037.6211462,-1378.84992553;
-1203.90371973,-891.57410032;
-1172.38279239,-904.774117816;
-1173.59020059,-940.091779179;
-1175.58624465,-976.89908931;
-1175.10356341,-1012.85468396;
-1176.13435641,-1050.93413838;
-1175.46251332,-1088.72427652;
-1173.87590879,-1126.80667978;
-981.93210984,-1000.49001921;
-944.974093391,-1003.02677893;
-922.911076517,-1018.22355157;
-902.096962704,-1034.34631361;
-891.66017178,-1060.66017178;
-878.544822652,-1084.76441891;
-1180.67475456,-1447.3489755;
-1181.30556363,-1499.66625781;
-1927.76465665,-2412.05181839;
-1931.62990846,-2503.43324011;
-1929.15418376,-2591.0046355;
169.0,0.0;
-900.425296141,-1419.17530135;
-856.097479998,-1410.92563819;
-825.581540633,-1420.4096448;
-836.988033344,-1491.43859303;
-895.224674419,-1638.76228977;
169.0,0.0;
169.0,0.0;
169.0,0.0;
169.0,0.0;
169.0,0.0;
169.0,0.0;
169.0,0.0;
169.0,0.0;
169.0,0.0;
169.0,0.0;
169.0,0.0;
169.0,0.0;
169.0,0.0;
169.0,0.0;
169.0,0.0;
169.0,0.0;
169.0,0.0;
169.0,0.0;
169.0,0.0;
169.0,0.0;
169.0,0.0;
169.0,0.0;
37.8956258615,-743.529853524;
169.0,0.0;
65.5943859867,-735.769175075;
78.0854698198,-740.439429124;
90.6036525493,-745.891421526;
103.546037197,-748.142218267;
-158.227618334,-4679.57295977;
-72.7921178424,-4613.66845057;
169.0,0.0;
169.0,0.0;
169.0,0.0;
169.0,0.0;
169.0,0.0;
276.184038386,-2045.19328718;
308.722216909,-1998.12079267;
344.618821637,-2007.33231665;
381.819951213,-2024.84657897;
440.890505137,-2214.37046431;
480.886919252,-2219.19074205;
607.172936578,-2766.51504201;
169.0,0.0;
169.0,0.0;
169.0,0.0;
169.0,0.0;
169.0,0.0;
169.0,0.0;
169.0,0.0;
169.0,0.0;
169.0,0.0;
169.0,0.0;
169.0,0.0;
2014.59494016,-4807.93919646;
169.0,0.0;
169.0,0.0;
169.0,0.0;
169.0,0.0;
169.0,0.0;
169.0,0.0;
169.0,0.0;
169.0,0.0;
169.0,0.0;
169.0,0.0;
169.0,0.0;
169.0,0.0;
169.0,0.0;
169.0,0.0;
169.0,0.0;
169.0,0.0;
169.0,0.0;
169.0,0.0;
169.0,0.0;
1007.44343905,-964.518843525;
169.0,0.0;
1068.55583692,-964.655532436;
1101.23153316,-965.354012054;
1134.9078631,-965.907863101;
1168.88232247,-965.575134938;
1203.86548779,-965.027679488;
1241.35798316,-965.555464976;
1279.17779251,-965.062831645;
1319.59875356,-965.466989749;
1364.25048872,-967.894761435;
1410.90494768,-970.282485113;
169.0,0.0;
169.0,0.0;
169.0,0.0;
169.0,0.0;
169.0,0.0;
169.0,0.0;
169.0,0.0;
169.0,0.0;
169.0,0.0;
1999.35036,-973.214549655;
169.0,0.0;
2140.95413758,-961.786296055;
169.0,0.0;
169.0,0.0;
169.0,0.0;
169.0,0.0;
169.0,0.0;
169.0,0.0;
169.0,0.0;
3483.43195929,-1076.9242254;
3482.59597941,-1013.06795686;
3457.4762618,-942.95539425;
169.0,0.0;
169.0,0.0;
169.0,0.0;
169.0,0.0;
169.0,0.0;
169.0,0.0;
169.0,0.0;
169.0,0.0;
169.0,0.0;
169.0,0.0;
169.0,0.0;
169.0,0.0;
3326.66658889,-165.48629364;
3410.02445202,-113.179067806;
3448.50044011,-57.2438931143;
4192.0,0.0;
4228.58527391,47.5229027287;
1506.0,0.0;
4275.19969987,145.127606662;
4265.26216302,192.946406376;
4271.4364819,241.944341867;
4277.73252239,291.320827127;
4278.18140153,340.381076131;
4277.76032441,389.545509587;
4330.7886541,447.402570015;
4363.91209924,503.927011589;
4336.03116988,550.102333671;
4156.77999799,563.440682116;
1506.0,0.0;
1506.0,0.0;
3729.56125212,595.801441826;
3615.00816089,604.748358662;
3533.36608264,619.828014012;
3414.7704282,620.197107711;
3330.85085091,628.346538102;
3228.4565739,626.922922716;
3173.37464172,640.045157888;
3096.12031058,642.450307708;
3026.6740179,645.487824264;
2966.75918677,650.371892278;
2908.05814655,653.790450913;
2857.78624563,659.310204771;
2805.97851879,662.37213912;
2745.65842037,659.138074151;
1506.0,0.0;
1506.0,0.0;
1506.0,0.0;
1506.0,0.0;
1506.0,0.0;
2520.74198881,684.452113848;
2489.80160519,688.865300058;
2456.59496839,690.647671444;
2423.63220104,691.485461602;
1506.0,0.0;
1506.0,0.0;
1506.0,0.0;
1506.0,0.0;
2248.40168065,668.461475752;
2235.15964051,679.952364982;
2211.67234413,681.45986142;
2194.72200488,688.722004876;
2176.34532749,694.162907327;
2154.58044042,695.51737024;
2134.98276998,698.556135949;
2113.51066085,698.861071286;
1506.0,0.0;
2074.90563351,702.539949157;
2055.17003599,702.905592217;
2036.80085042,704.396519862;
2017.96095475,704.653802101;
1999.27573526,704.470758089;
1982.99154666,707.169049389;
1964.58606748,706.16061821;
1947.42274711,706.424064098;
1931.93648795,708.877357681;
1915.0,708.408780296;
1899.18060202,709.31658249;
1883.45513648,709.889864659;
1868.73840929,711.914212827;
1852.75157711,710.946090623;
1838.60057199,713.264228398;
1822.84784496,711.651911504;
1809.20735571,714.311766279;
1794.44707693,713.931568016;
1780.50984935,715.122606697;
1766.27732907,715.106084418;
1752.45509292,715.757561729;
1738.68979676,716.14555677;
1725.27877854,717.228566972;
1711.07419273,715.178701778;
1698.30255051,717.682888933;
1685.26412464,718.989133171;
1672.01387811,719.085107812;
1658.39926937,716.982191338;
1644.14571265,710.698080816;
1629.46385432,700.198312392;
1506.0,0.0;
1506.0,0.0;
1506.0,0.0;
1506.0,0.0;
1506.0,0.0;
1557.13149525,731.21444884;
1544.10057614,727.002301301;
1531.33703461,725.557740416;
1518.63554226,723.889731293;
1506.0,724.0;
1493.34700533,724.889578988;
1480.69786489,724.558349589;
1468.00409577,725.005042232;
1455.21728711,726.226628589;
1442.28915205,728.218324305;
1429.58969335,726.995505514;
1416.66977128,727.536329153;
1403.70777079,727.847030525;
1390.70779927,727.926307019;
1377.50034853,728.757737229;
1364.41972543,728.367370118;
1350.68996696,730.676257748;
1337.5116603,729.803178524;
1323.34896882,732.573273338;
1310.07398286,731.205850501;
1295.68869751,733.442674001;
1282.04327418,732.529443068;
1265.89379537,738.970913161;
1254.98695291,728.994821787;
1238.88226806,733.899936834;
1222.88931986,737.528536933;
1208.93697142,735.256796671;
1192.63363495,738.244892469;
1506.0,0.0;
1506.0,0.0;
1506.0,0.0;
1506.0,0.0;
1506.0,0.0;
-392.514472885,3425.01077316;
-480.5,3440.71892924;
-537.156043168,3400.38268189;
-617.916411047,3398.97676939;
-713.948706721,3418.42123495;
-798.993148106,3417.29287407;
1506.0,0.0;
1506.0,0.0;
-830.245919876,3100.30305;
-834.744929188,2996.01688521;
-857.098068392,2918.18308527;
-902.525173495,2870.36852837;
-981.119778903,2861.10401862;
-1019.968039,2805.37171618;
1506.0,0.0;
1506.0,0.0;
1506.0,0.0;
1506.0,0.0;
1506.0,0.0;
1506.0,0.0;
1506.0,0.0;
1506.0,0.0;
132.783086106,1112.00913099;
146.681450028,1062.01604494;
143.527819859,1026.6964295;
131.480126557,998.647143645;
1506.0,0.0;
1506.0,0.0;
-864.083025014,1539.14991295;
-865.99052495,1482.18418206;
1506.0,0.0;
1506.0,0.0;
100.486130627,779.089059736;
95.0497466114,750.215557332;
78.6075482502,727.292780583;
46.3584688102,711.914742385;
-1101.4475033,1215.87273903;
-981.584281161,1107.5438791;
-690.324580338,932.284472575;
-1111.44002144,1057.51441321;
-1110.82593547,1004.50536258;
-1110.10425627,952.184079019;
-1109.30438011,900.521515228;
-1106.55225026,848.869683548;
1506.0,0.0;
1506.0,0.0;
1506.0,0.0;
1506.0,0.0;
1506.0,0.0;
1506.0,0.0;
1506.0,0.0;
1506.0,0.0;
1506.0,0.0;
-1215.2566529,382.447681438;
-1202.65844783,332.581438153;
-1206.06120867,285.049119331;
-1204.64577351,237.150776016;
-1208.37178076,189.807365058;
1506.0,0.0;
-1207.34609536,94.7521335473;
-1212.58588313,47.453093103;
-1213.0,3.32981464688e-13;
-1210.58618774,-47.4181882901;
-1224.33573942,-95.3454249912;
-1635.68851634,-164.64891834;
-1639.31945047,-219.942161715;
-1640.97905127,-275.32499134;
-1648.62345211,-331.564285485;
1506.0,0.0;
1506.0,0.0;
1506.0,0.0;
1506.0,0.0;
1506.0,0.0;
1506.0,0.0;
-1665.57456088,-732.215681889;
-844.05624904,-585.934831142;
1506.0,0.0;
1506.0,0.0;
1506.0,0.0;
1506.0,0.0;
1506.0,0.0;
1506.0,0.0;
1506.0,0.0;
1506.0,0.0;
1506.0,0.0;
-514.762552305,-899.701454484;
-507.815902795,-939.057777588;
-518.982986312,-987.650193716;
-514.802796859,-1029.65045341;
-517.715882833,-1076.02882191;
-293.967357293,-997.738198467;
-255.495671298,-1017.0;
-241.764126132,-1050.16263474;
-407.196504929,-1195.49786011;
-519.389421588,-1315.30326956;
-522.654940042,-1368.34503479;
-518.943853482,-1417.88095066;
-520.587570909,-1472.40205699;
-520.13828899,-1526.80471374;
-1335.56677751,-2220.07528002;
1506.0,0.0;
-268.924974707,-1489.33889164;
-244.926226117,-1522.05694726;
-1184.92741305,-2422.92192563;
-395.51962421,-1773.19573616;
-329.755170464,-1772.76816141;
-294.293864901,-1800.2938649;
1506.0,0.0;
1506.0,0.0;
-1741.29083266,-3606.48183804;
1506.0,0.0;
-1782.50141116,-3919.083371;
1506.0,0.0;
-1805.0274143,-4237.9218329;
1506.0,0.0;
1506.0,0.0;
235.528193482,-1814.4217781;
307.649607862,-1776.62751799;
351.909884803,-1777.14293348;
1506.0,0.0;
1506.0,0.0;
1506.0,0.0;
1506.0,0.0;
1506.0,0.0;
1506.0,0.0;
1506.0,0.0;
1506.0,0.0;
1506.0,0.0;
1506.0,0.0;
1506.0,0.0;
1506.0,0.0;
1506.0,0.0;
1506.0,0.0;
1506.0,0.0;
1506.0,0.0;
1506.0,0.0;
1506.0,0.0;
1506.0,0.0;
1506.0,0.0;
1506.0,0.0;
1069.81063657,-2243.99974136;
1113.20782212,-2227.63513731;
1151.05019882,-2241.06484481;
1140.11391758,-2603.41475272;
1177.56211952,-2674.91187867;
1277.29172237,-2176.01390707;
1317.65643992,-2152.77674258;
1355.04699082,-2158.72860476;
1506.0,0.0;
1506.0,0.0;
1506.0,0.0;
1506.0,0.0;
1506.0,0.0;
1506.0,0.0;
1506.0,0.0;
1506.0,0.0;
1506.0,0.0;
1506.0,0.0;
1506.0,0.0;
1506.0,0.0;
1506.0,0.0;
1678.77993678,-979.883714247;
1697.38142236,-984.572064998;
1716.40663111,-989.885371943;
1735.00017332,-991.908725951;
1506.0,0.0;
1506.0,0.0;
1506.0,0.0;
1799.24881984,-959.173670231;
1819.3432323,-964.371307523;
1840.03292647,-970.102058565;
1860.33286849,-973.521555134;
1880.85287522,-976.525126116;
1901.20995605,-978.178966568;
1920.95645846,-977.576154366;
1941.61494473,-978.407185135;
1962.00510442,-977.906102213;
1982.07106541,-976.090334281;
2003.57358771,-976.54315051;
2025.23554844,-976.540037702;
2047.04753619,-976.075593168;
2070.0,-976.876655469;
2093.1434054,-977.1707228;
2116.4669924,-976.951406772;
2140.50447579,-977.051211656;
2165.28843319,-977.435298042;
2189.12953569,-975.610084748;
2215.45679952,-976.483512211;
2242.62158834,-977.529864298;
2269.4202294,-977.133334472;
2296.42641116,-976.09532759;
2324.26862713,-975.17457609;
2354.28432448,-975.839487228;
2384.56848615,-975.749155852;
2416.46781068,-976.357191662;
2448.65140871,-976.14410906;
2481.80735804,-975.807358037;
2515.95307968,-975.300352124;
2551.83579332,-975.257654889;
2589.50515555,-975.592424071;
2627.49843621,-974.90371708;
2668.08942021,-975.108803894;
2713.6848241,-977.963887691;
2761.3011305,-980.748730194;
1506.0,0.0;
1506.0,0.0;
1506.0,0.0;
1506.0,0.0;
1506.0,0.0;
1506.0,0.0;
1506.0,0.0;
1506.0,0.0;
1506.0,0.0;
3364.60468297,-988.237639664;
3431.46509877,-981.073469937;
3513.90589943,-979.321141927;
1506.0,0.0;
1506.0,0.0;
1506.0,0.0;
1506.0,0.0;
1506.0,0.0;
4199.15905117,-980.229730771;
4150.61545595,-910.614128017;
4214.60895841,-880.08039998;
4214.25506889,-827.996667775;
4171.57868284,-764.342387681;
1506.0,0.0;
1506.0,0.0;
1506.0,0.0;
1506.0,0.0;
1506.0,0.0;
1506.0,0.0;
1506.0,0.0;
1506.0,0.0;
1506.0,0.0;
1506.0,0.0;
1506.0,0.0;
4062.75666082,-178.785842206;
4077.47105199,-134.765087326;
4111.41188604,-90.9829879034;
4139.59882904,-45.9696385558;
